0,8,882,341,102,423,1,-1,-1,-1
0,12,1366,369,137,415,1,-1,-1,-1
0,13,1257,338,106,408,1,-1,-1,-1
0,7,1011,371,107,441,1,-1,-1,-1
0,18,1607,334,74,389,1,-1,-1,-1
0,11,1539,412,113,426,1,-1,-1,-1
0,19,1468,308,73,375,1,-1,-1,-1
0,6,1151,408,117,454,1,-1,-1,-1
0,9,727,313,122,391,1,-1,-1,-1
0,1,760,434,116,452,1,-1,-1,-1
0,17,1736,374,92,401,1,-1,-1,-1
0,2,620,399,114,436,1,-1,-1,-1
0,16,1860,399,56,415,1,-1,-1,-1
0,5,264,281,87,405,1,-1,-1,-1
0,20,1329,276,78,366,1,-1,-1,-1
0,4,390,323,96,408,1,-1,-1,-1
0,3,494,360,103,427,1,-1,-1,-1
0,14,1114,302,102,399,1,-1,-1,-1
0,15,986,278,91,379,1,-1,-1,-1
0,10,628,283,89,230,1,-1,-1,-1
1,8,893,336,98,423,1,-1,-1,-1
1,12,1361,364,158,416,1,-1,-1,-1
1,13,1267,335,107,407,1,-1,-1,-1
1,7,1011,366,113,442,1,-1,-1,-1
1,18,1611,333,79,390,1,-1,-1,-1
1,11,1534,410,126,423,1,-1,-1,-1
1,19,1476,304,77,376,1,-1,-1,-1
1,6,1156,405,119,451,1,-1,-1,-1
1,9,725,309,139,396,1,-1,-1,-1
1,1,756,432,128,450,1,-1,-1,-1
1,17,1737,370,105,399,1,-1,-1,-1
1,2,621,396,117,435,1,-1,-1,-1
1,16,1862,405,56,404,1,-1,-1,-1
1,5,274,279,84,405,1,-1,-1,-1
1,20,1335,273,84,366,1,-1,-1,-1
1,4,397,320,96,407,1,-1,-1,-1
1,3,505,356,99,425,1,-1,-1,-1
1,14,1119,301,105,397,1,-1,-1,-1
1,15,987,274,97,375,1,-1,-1,-1
1,10,627,279,99,236,1,-1,-1,-1
2,8,889,335,102,421,1,-1,-1,-1
2,12,1357,359,180,417,1,-1,-1,-1
2,13,1277,333,109,407,1,-1,-1,-1
2,7,1011,362,120,443,1,-1,-1,-1
2,18,1615,333,84,392,1,-1,-1,-1
2,11,1529,409,140,420,1,-1,-1,-1
2,19,1485,300,82,377,1,-1,-1,-1
2,6,1161,403,122,449,1,-1,-1,-1
2,9,723,305,156,401,1,-1,-1,-1
2,1,752,430,140,449,1,-1,-1,-1
2,17,1738,367,118,398,1,-1,-1,-1
2,2,623,393,121,435,1,-1,-1,-1
2,16,1864,411,56,394,1,-1,-1,-1
2,5,284,277,82,405,1,-1,-1,-1
2,20,1342,271,91,367,1,-1,-1,-1
2,4,405,318,97,407,1,-1,-1,-1
2,3,516,353,95,424,1,-1,-1,-1
2,14,1124,300,109,396,1,-1,-1,-1
2,15,988,271,104,372,1,-1,-1,-1
2,10,627,275,109,242,1,-1,-1,-1
3,8,885,334,105,419,1,-1,-1,-1
3,12,1352,353,191,416,1,-1,-1,-1
3,13,1271,327,114,407,1,-1,-1,-1
3,7,997,360,136,436,1,-1,-1,-1
3,18,1613,325,86,391,1,-1,-1,-1
3,11,1507,402,173,420,1,-1,-1,-1
3,19,1487,295,87,375,1,-1,-1,-1
3,6,1151,399,131,450,1,-1,-1,-1
3,9,715,300,172,398,1,-1,-1,-1
3,1,737,425,166,449,1,-1,-1,-1
3,17,1724,362,135,397,1,-1,-1,-1
3,2,608,391,136,427,1,-1,-1,-1
3,16,1855,408,64,391,1,-1,-1,-1
3,5,279,272,89,403,1,-1,-1,-1
3,20,1343,264,94,367,1,-1,-1,-1
3,4,403,314,100,407,1,-1,-1,-1
3,3,515,347,96,423,1,-1,-1,-1
3,14,1118,294,116,396,1,-1,-1,-1
3,15,982,267,110,371,1,-1,-1,-1
3,10,620,271,123,239,1,-1,-1,-1
4,8,882,327,112,421,1,-1,-1,-1
4,12,1348,347,202,416,1,-1,-1,-1
4,13,1265,321,120,408,1,-1,-1,-1
4,7,983,357,153,430,1,-1,-1,-1
4,18,1611,318,88,391,1,-1,-1,-1
4,11,1485,396,206,421,1,-1,-1,-1
4,19,1489,290,93,374,1,-1,-1,-1
4,6,1141,394,140,450,1,-1,-1,-1
4,9,707,295,188,395,1,-1,-1,-1
4,1,723,420,192,449,1,-1,-1,-1
4,17,1710,358,152,396,1,-1,-1,-1
4,2,593,390,151,420,1,-1,-1,-1
4,16,1847,406,73,388,1,-1,-1,-1
4,5,274,267,95,402,1,-1,-1,-1
4,20,1345,257,98,367,1,-1,-1,-1
4,4,400,309,103,406,1,-1,-1,-1
4,3,515,342,96,423,1,-1,-1,-1
4,14,1112,288,123,396,1,-1,-1,-1
4,15,976,263,116,371,1,-1,-1,-1
4,10,613,268,138,237,1,-1,-1,-1
5,8,880,321,118,423,1,-1,-1,-1
5,12,1348,345,204,419,1,-1,-1,-1
5,13,1265,317,126,406,1,-1,-1,-1
5,7,979,350,163,436,1,-1,-1,-1
5,18,1615,315,86,391,1,-1,-1,-1
5,11,1476,393,231,417,1,-1,-1,-1
5,19,1449,288,140,373,1,-1,-1,-1
5,6,1133,391,153,451,1,-1,-1,-1
5,9,706,294,190,395,1,-1,-1,-1
5,1,716,417,208,450,1,-1,-1,-1
5,17,1708,357,168,393,1,-1,-1,-1
5,2,581,385,165,419,1,-1,-1,-1
5,16,1844,431,75,360,1,-1,-1,-1
5,5,265,263,109,403,1,-1,-1,-1
5,20,1347,255,97,368,1,-1,-1,-1
5,4,389,309,126,399,1,-1,-1,-1
5,3,517,339,97,421,1,-1,-1,-1
5,14,1114,285,128,397,1,-1,-1,-1
5,15,977,261,149,370,1,-1,-1,-1
5,10,611,265,150,236,1,-1,-1,-1
6,8,877,320,121,423,1,-1,-1,-1
6,12,1348,343,205,422,1,-1,-1,-1
6,13,1265,313,133,405,1,-1,-1,-1
6,7,975,343,173,443,1,-1,-1,-1
6,18,1619,312,84,392,1,-1,-1,-1
6,11,1467,391,256,413,1,-1,-1,-1
6,19,1410,286,187,372,1,-1,-1,-1
6,6,1125,387,165,452,1,-1,-1,-1
6,9,706,293,193,395,1,-1,-1,-1
6,1,710,415,225,451,1,-1,-1,-1
6,17,1706,356,184,390,1,-1,-1,-1
6,2,568,380,179,419,1,-1,-1,-1
6,16,1842,457,78,332,1,-1,-1,-1
6,5,256,260,122,405,1,-1,-1,-1
6,20,1349,253,97,370,1,-1,-1,-1
6,4,377,308,150,391,1,-1,-1,-1
6,3,519,336,98,420,1,-1,-1,-1
6,14,1116,283,133,398,1,-1,-1,-1
6,15,978,259,182,369,1,-1,-1,-1
6,10,609,263,163,235,1,-1,-1,-1
7,8,874,319,124,423,1,-1,-1,-1
7,12,1359,341,183,423,1,-1,-1,-1
7,13,1268,311,125,406,1,-1,-1,-1
7,7,977,342,171,442,1,-1,-1,-1
7,18,1620,310,80,393,1,-1,-1,-1
7,11,1467,386,261,419,1,-1,-1,-1
7,19,1415,284,180,371,1,-1,-1,-1
7,6,1121,389,173,447,1,-1,-1,-1
7,9,706,292,182,394,1,-1,-1,-1
7,1,709,413,224,451,1,-1,-1,-1
7,17,1705,352,185,392,1,-1,-1,-1
7,2,562,376,186,422,1,-1,-1,-1
7,16,1840,424,80,366,1,-1,-1,-1
7,5,241,260,152,402,1,-1,-1,-1
7,20,1353,251,96,369,1,-1,-1,-1
7,4,365,306,171,391,1,-1,-1,-1
7,3,523,332,94,419,1,-1,-1,-1
7,14,1117,281,134,396,1,-1,-1,-1
7,15,978,256,175,371,1,-1,-1,-1
7,10,609,262,163,228,1,-1,-1,-1
8,8,880,317,122,424,1,-1,-1,-1
8,12,1371,340,160,424,1,-1,-1,-1
8,13,1272,309,118,408,1,-1,-1,-1
8,7,978,341,169,442,1,-1,-1,-1
8,18,1622,309,76,395,1,-1,-1,-1
8,11,1467,382,266,425,1,-1,-1,-1
8,19,1420,282,173,371,1,-1,-1,-1
8,6,1117,390,181,443,1,-1,-1,-1
8,9,706,291,172,393,1,-1,-1,-1
8,1,708,412,224,451,1,-1,-1,-1
8,17,1705,348,187,395,1,-1,-1,-1
8,2,555,373,193,425,1,-1,-1,-1
8,16,1838,392,82,401,1,-1,-1,-1
8,5,227,260,181,399,1,-1,-1,-1
8,20,1357,249,95,368,1,-1,-1,-1
8,4,353,303,193,391,1,-1,-1,-1
8,3,528,329,89,419,1,-1,-1,-1
8,14,1118,280,135,394,1,-1,-1,-1
8,15,978,254,169,374,1,-1,-1,-1
8,10,609,262,163,222,1,-1,-1,-1
9,8,887,315,119,424,1,-1,-1,-1
9,12,1387,337,141,423,1,-1,-1,-1
9,13,1275,307,114,409,1,-1,-1,-1
9,7,997,341,147,441,1,-1,-1,-1
9,18,1626,306,70,396,1,-1,-1,-1
9,11,1478,380,241,425,1,-1,-1,-1
9,19,1429,278,163,373,1,-1,-1,-1
9,6,1123,388,175,444,1,-1,-1,-1
9,9,707,287,156,396,1,-1,-1,-1
9,1,716,410,211,450,1,-1,-1,-1
9,17,1717,345,165,398,1,-1,-1,-1
9,2,559,372,191,429,1,-1,-1,-1
9,16,1845,392,75,352,1,-1,-1,-1
9,5,216,260,197,397,1,-1,-1,-1
9,20,1359,249,88,366,1,-1,-1,-1
9,4,352,301,192,394,1,-1,-1,-1
9,3,532,327,88,418,1,-1,-1,-1
9,14,1127,278,131,395,1,-1,-1,-1
9,15,975,252,164,375,1,-1,-1,-1
9,10,610,261,160,225,1,-1,-1,-1
10,8,902,311,112,424,1,-1,-1,-1
10,12,1404,334,121,422,1,-1,-1,-1
10,13,1279,306,111,410,1,-1,-1,-1
10,7,1016,341,126,440,1,-1,-1,-1
10,18,1630,303,65,397,1,-1,-1,-1
10,11,1490,379,216,425,1,-1,-1,-1
10,19,1486,279,101,364,1,-1,-1,-1
10,6,1130,386,168,445,1,-1,-1,-1
10,9,709,284,141,400,1,-1,-1,-1
10,1,725,408,198,449,1,-1,-1,-1
10,17,1729,343,144,401,1,-1,-1,-1
10,2,562,371,188,433,1,-1,-1,-1
10,16,1852,392,68,304,1,-1,-1,-1
10,5,206,261,212,396,1,-1,-1,-1
10,20,1362,250,82,364,1,-1,-1,-1
10,4,351,298,191,397,1,-1,-1,-1
10,3,537,326,87,417,1,-1,-1,-1
10,14,1135,276,126,396,1,-1,-1,-1
10,15,972,250,160,377,1,-1,-1,-1
10,10,611,260,157,229,1,-1,-1,-1
11,8,918,308,104,424,1,-1,-1,-1
11,12,1417,332,124,421,1,-1,-1,-1
11,13,1301,303,105,409,1,-1,-1,-1
11,7,1026,338,132,439,1,-1,-1,-1
11,18,1646,297,64,398,1,-1,-1,-1
11,11,1527,375,184,424,1,-1,-1,-1
11,19,1502,276,95,366,1,-1,-1,-1
11,6,1155,379,147,447,1,-1,-1,-1
11,9,723,280,140,401,1,-1,-1,-1
11,1,759,406,179,447,1,-1,-1,-1
11,17,1751,341,126,396,1,-1,-1,-1
11,2,583,368,180,434,1,-1,-1,-1
11,16,1866,455,54,232,1,-1,-1,-1
11,5,216,258,205,395,1,-1,-1,-1
11,20,1373,245,85,365,1,-1,-1,-1
11,4,370,294,167,399,1,-1,-1,-1
11,3,546,323,92,416,1,-1,-1,-1
11,14,1150,275,126,391,1,-1,-1,-1
11,15,992,246,133,367,1,-1,-1,-1
11,10,627,257,138,237,1,-1,-1,-1
12,8,922,304,118,424,1,-1,-1,-1
12,12,1430,331,126,420,1,-1,-1,-1
12,13,1324,301,100,408,1,-1,-1,-1
12,7,1035,335,138,438,1,-1,-1,-1
12,18,1662,291,63,400,1,-1,-1,-1
12,11,1564,371,153,424,1,-1,-1,-1
12,19,1518,274,90,369,1,-1,-1,-1
12,6,1180,372,126,450,1,-1,-1,-1
12,9,737,276,139,403,1,-1,-1,-1
12,1,794,404,160,445,1,-1,-1,-1
12,17,1774,340,109,392,1,-1,-1,-1
12,2,604,365,171,435,1,-1,-1,-1
12,16,1880,519,40,160,1,-1,-1,-1
12,5,226,256,198,394,1,-1,-1,-1
12,20,1385,240,88,367,1,-1,-1,-1
12,4,388,289,143,400,1,-1,-1,-1
12,3,555,320,96,416,1,-1,-1,-1
12,14,1164,274,126,386,1,-1,-1,-1
12,15,1012,243,106,358,1,-1,-1,-1
12,10,644,254,119,246,1,-1,-1,-1
13,8,927,300,131,424,1,-1,-1,-1
13,12,1432,328,139,419,1,-1,-1,-1
13,13,1322,295,116,409,1,-1,-1,-1
13,7,1029,333,159,436,1,-1,-1,-1
13,18,1664,288,88,400,1,-1,-1,-1
13,11,1572,368,160,423,1,-1,-1,-1
13,19,1530,270,91,370,1,-1,-1,-1
13,6,1190,371,130,448,1,-1,-1,-1
13,9,749,271,139,403,1,-1,-1,-1
13,1,793,404,174,440,1,-1,-1,-1
13,17,1777,336,120,394,1,-1,-1,-1
13,2,626,363,148,431,1,-1,-1,-1
13,16,1894,544,25,131,1,-1,-1,-1
13,5,245,250,186,396,1,-1,-1,-1
13,20,1392,237,92,365,1,-1,-1,-1
13,4,403,285,133,400,1,-1,-1,-1
13,3,557,315,104,417,1,-1,-1,-1
13,14,1164,270,140,382,1,-1,-1,-1
13,15,1024,240,103,342,1,-1,-1,-1
13,10,655,250,112,312,1,-1,-1,-1
14,8,926,300,135,420,1,-1,-1,-1
14,12,1434,325,151,418,1,-1,-1,-1
14,13,1321,290,132,410,1,-1,-1,-1
14,7,1023,330,181,435,1,-1,-1,-1
14,18,1666,285,113,400,1,-1,-1,-1
14,11,1581,366,167,423,1,-1,-1,-1
14,19,1543,266,93,372,1,-1,-1,-1
14,6,1200,369,133,447,1,-1,-1,-1
14,9,761,267,140,403,1,-1,-1,-1
14,1,792,405,189,435,1,-1,-1,-1
14,17,1781,332,131,396,1,-1,-1,-1
14,2,648,362,124,428,1,-1,-1,-1
14,16,1909,569,11,103,1,-1,-1,-1
14,5,264,244,174,398,1,-1,-1,-1
14,20,1400,234,97,284,1,-1,-1,-1
14,4,417,281,124,399,1,-1,-1,-1
14,3,559,311,112,418,1,-1,-1,-1
14,14,1163,266,153,378,1,-1,-1,-1
14,15,1035,238,101,326,1,-1,-1,-1
14,10,666,246,105,379,1,-1,-1,-1
15,8,925,300,139,415,1,-1,-1,-1
15,12,1423,323,175,417,1,-1,-1,-1
15,13,1325,286,132,411,1,-1,-1,-1
15,7,1015,329,198,434,1,-1,-1,-1
15,18,1673,283,117,400,1,-1,-1,-1
15,11,1567,366,195,420,1,-1,-1,-1
15,19,1530,264,120,371,1,-1,-1,-1
15,6,1199,368,150,446,1,-1,-1,-1
15,9,761,267,151,400,1,-1,-1,-1
15,1,778,403,218,435,1,-1,-1,-1
15,17,1778,329,137,397,1,-1,-1,-1
15,2,633,363,154,426,1,-1,-1,-1
15,5,284,242,147,397,1,-1,-1,-1
15,20,1411,233,98,290,1,-1,-1,-1
15,4,413,280,138,399,1,-1,-1,-1
15,3,559,310,122,416,1,-1,-1,-1
15,14,1171,266,159,385,1,-1,-1,-1
15,15,1037,238,105,336,1,-1,-1,-1
15,10,669,245,111,341,1,-1,-1,-1
16,8,925,300,163,414,1,-1,-1,-1
16,12,1413,322,198,417,1,-1,-1,-1
16,13,1329,283,133,412,1,-1,-1,-1
16,7,1006,327,215,433,1,-1,-1,-1
16,18,1680,281,122,400,1,-1,-1,-1
16,11,1553,366,224,418,1,-1,-1,-1
16,19,1517,263,147,371,1,-1,-1,-1
16,6,1198,366,166,446,1,-1,-1,-1
16,9,761,267,162,397,1,-1,-1,-1
16,1,764,402,247,436,1,-1,-1,-1
16,17,1775,326,144,399,1,-1,-1,-1
16,2,617,364,183,424,1,-1,-1,-1
16,5,305,240,119,397,1,-1,-1,-1
16,20,1422,233,99,296,1,-1,-1,-1
16,4,408,279,152,398,1,-1,-1,-1
16,3,560,310,132,415,1,-1,-1,-1
16,14,1179,266,165,392,1,-1,-1,-1
16,15,1038,239,110,347,1,-1,-1,-1
16,10,673,244,117,304,1,-1,-1,-1
17,8,925,300,186,412,1,-1,-1,-1
17,12,1413,321,195,417,1,-1,-1,-1
17,13,1336,282,133,412,1,-1,-1,-1
17,7,1009,325,209,435,1,-1,-1,-1
17,18,1684,280,117,398,1,-1,-1,-1
17,11,1545,366,239,418,1,-1,-1,-1
17,19,1526,263,148,373,1,-1,-1,-1
17,6,1188,368,186,445,1,-1,-1,-1
17,9,768,268,163,398,1,-1,-1,-1
17,1,757,401,260,437,1,-1,-1,-1
17,17,1769,327,150,398,1,-1,-1,-1
17,2,608,360,202,428,1,-1,-1,-1
17,5,310,242,117,395,1,-1,-1,-1
17,20,1398,233,129,326,1,-1,-1,-1
17,4,404,282,163,399,1,-1,-1,-1
17,3,561,310,145,415,1,-1,-1,-1
17,14,1187,265,167,393,1,-1,-1,-1
17,15,1045,239,123,358,1,-1,-1,-1
17,10,679,246,122,342,1,-1,-1,-1
18,8,919,295,201,408,1,-1,-1,-1
18,12,1414,321,192,417,1,-1,-1,-1
18,13,1344,281,133,412,1,-1,-1,-1
18,7,1011,323,204,438,1,-1,-1,-1
18,18,1689,280,112,397,1,-1,-1,-1
18,11,1537,366,255,418,1,-1,-1,-1
18,19,1536,264,150,376,1,-1,-1,-1
18,6,1179,369,206,444,1,-1,-1,-1
18,9,776,269,164,399,1,-1,-1,-1
18,1,751,401,274,438,1,-1,-1,-1
18,17,1763,329,156,397,1,-1,-1,-1
18,2,599,357,221,433,1,-1,-1,-1
18,5,316,244,114,394,1,-1,-1,-1
18,20,1374,233,160,357,1,-1,-1,-1
18,4,400,284,174,399,1,-1,-1,-1
18,3,563,310,158,415,1,-1,-1,-1
18,14,1194,265,168,395,1,-1,-1,-1
18,15,1051,239,137,370,1,-1,-1,-1
18,10,686,248,127,379,1,-1,-1,-1
19,8,913,291,215,403,1,-1,-1,-1
19,12,1425,321,191,416,1,-1,-1,-1
19,13,1361,282,123,414,1,-1,-1,-1
19,7,1031,322,184,433,1,-1,-1,-1
19,18,1699,280,105,394,1,-1,-1,-1
19,11,1547,363,239,419,1,-1,-1,-1
19,19,1555,265,143,374,1,-1,-1,-1
19,6,1182,368,214,445,1,-1,-1,-1
19,9,777,273,174,401,1,-1,-1,-1
19,1,763,400,255,436,1,-1,-1,-1
19,17,1770,328,148,394,1,-1,-1,-1
19,2,603,357,225,432,1,-1,-1,-1
19,5,303,245,135,394,1,-1,-1,-1
19,20,1385,233,158,360,1,-1,-1,-1
19,4,410,287,173,403,1,-1,-1,-1
19,3,571,309,161,415,1,-1,-1,-1
19,14,1207,268,166,393,1,-1,-1,-1
19,15,1057,239,140,370,1,-1,-1,-1
19,10,688,249,126,379,1,-1,-1,-1
20,8,927,290,184,402,1,-1,-1,-1
20,12,1437,322,189,415,1,-1,-1,-1
20,13,1379,283,114,416,1,-1,-1,-1
20,7,1050,320,164,429,1,-1,-1,-1
20,18,1710,280,99,391,1,-1,-1,-1
20,11,1557,360,223,421,1,-1,-1,-1
20,19,1575,267,136,373,1,-1,-1,-1
20,6,1185,367,222,447,1,-1,-1,-1
20,9,779,277,184,404,1,-1,-1,-1
20,1,775,399,237,434,1,-1,-1,-1
20,17,1777,327,141,391,1,-1,-1,-1
20,2,607,357,228,432,1,-1,-1,-1
20,5,290,247,155,395,1,-1,-1,-1
20,20,1396,233,156,363,1,-1,-1,-1
20,4,419,289,172,407,1,-1,-1,-1
20,3,579,308,164,415,1,-1,-1,-1
20,14,1220,271,163,392,1,-1,-1,-1
20,15,1062,239,144,371,1,-1,-1,-1
20,10,691,250,125,379,1,-1,-1,-1
21,8,942,289,152,400,1,-1,-1,-1
21,12,1455,326,168,412,1,-1,-1,-1
21,13,1390,285,109,408,1,-1,-1,-1
21,7,1052,323,142,430,1,-1,-1,-1
21,18,1718,281,103,391,1,-1,-1,-1
21,11,1581,362,181,421,1,-1,-1,-1
21,19,1583,273,141,375,1,-1,-1,-1
21,6,1196,366,200,450,1,-1,-1,-1
21,9,791,282,181,404,1,-1,-1,-1
21,1,793,400,196,436,1,-1,-1,-1
21,17,1797,329,121,392,1,-1,-1,-1
21,2,619,359,203,435,1,-1,-1,-1
21,5,292,251,162,399,1,-1,-1,-1
21,20,1422,238,137,301,1,-1,-1,-1
21,4,432,295,165,407,1,-1,-1,-1
21,3,591,308,145,410,1,-1,-1,-1
21,14,1260,276,135,383,1,-1,-1,-1
21,15,1069,242,132,368,1,-1,-1,-1
21,10,694,252,122,375,1,-1,-1,-1
22,8,961,289,135,404,1,-1,-1,-1
22,12,1473,330,146,410,1,-1,-1,-1
22,13,1402,287,105,401,1,-1,-1,-1
22,7,1053,325,121,431,1,-1,-1,-1
22,18,1726,283,107,392,1,-1,-1,-1
22,11,1605,365,139,421,1,-1,-1,-1
22,19,1592,279,147,378,1,-1,-1,-1
22,6,1208,364,178,453,1,-1,-1,-1
22,9,804,288,179,404,1,-1,-1,-1
22,1,811,402,155,438,1,-1,-1,-1
22,17,1817,331,102,394,1,-1,-1,-1
22,2,631,361,178,438,1,-1,-1,-1
22,5,295,256,168,403,1,-1,-1,-1
22,20,1448,244,118,240,1,-1,-1,-1
22,4,445,300,159,407,1,-1,-1,-1
22,3,604,309,125,405,1,-1,-1,-1
22,14,1300,282,107,375,1,-1,-1,-1
22,15,1076,245,121,366,1,-1,-1,-1
22,10,698,255,119,371,1,-1,-1,-1
23,8,980,290,117,407,1,-1,-1,-1
23,12,1468,332,125,414,1,-1,-1,-1
23,13,1395,294,115,397,1,-1,-1,-1
23,7,1028,330,145,432,1,-1,-1,-1
23,18,1718,289,112,390,1,-1,-1,-1
23,11,1587,370,142,423,1,-1,-1,-1
23,19,1609,287,133,371,1,-1,-1,-1
23,6,1209,370,146,455,1,-1,-1,-1
23,9,834,295,155,380,1,-1,-1,-1
23,1,780,405,169,440,1,-1,-1,-1
23,17,1815,336,95,395,1,-1,-1,-1
23,2,630,365,144,440,1,-1,-1,-1
23,5,296,261,157,405,1,-1,-1,-1
23,20,1445,251,123,240,1,-1,-1,-1
23,4,447,307,158,405,1,-1,-1,-1
23,3,603,311,101,374,1,-1,-1,-1
23,14,1292,288,118,379,1,-1,-1,-1
23,15,1058,252,128,356,1,-1,-1,-1
23,10,694,261,122,382,1,-1,-1,-1
24,8,968,295,120,410,1,-1,-1,-1
24,12,1463,335,103,418,1,-1,-1,-1
24,13,1388,301,125,393,1,-1,-1,-1
24,7,1002,335,169,434,1,-1,-1,-1
24,18,1710,296,118,388,1,-1,-1,-1
24,11,1570,376,146,425,1,-1,-1,-1
24,19,1626,295,119,364,1,-1,-1,-1
24,6,1210,375,114,457,1,-1,-1,-1
24,9,864,303,132,357,1,-1,-1,-1
24,1,749,409,184,443,1,-1,-1,-1
24,17,1813,342,88,397,1,-1,-1,-1
24,2,629,369,110,443,1,-1,-1,-1
24,5,297,267,145,407,1,-1,-1,-1
24,20,1442,258,128,241,1,-1,-1,-1
24,4,449,313,157,403,1,-1,-1,-1
24,3,602,314,77,344,1,-1,-1,-1
24,14,1284,295,129,384,1,-1,-1,-1
24,15,1040,259,136,347,1,-1,-1,-1
24,10,690,268,125,393,1,-1,-1,-1
25,8,957,301,123,413,1,-1,-1,-1
25,12,1449,342,115,417,1,-1,-1,-1
25,13,1376,311,141,391,1,-1,-1,-1
25,7,980,345,199,433,1,-1,-1,-1
25,18,1706,304,133,386,1,-1,-1,-1
25,11,1538,384,186,423,1,-1,-1,-1
25,19,1620,305,137,370,1,-1,-1,-1
25,6,1182,386,142,454,1,-1,-1,-1
25,9,865,315,137,379,1,-1,-1,-1
25,1,724,418,216,441,1,-1,-1,-1
25,17,1795,349,111,397,1,-1,-1,-1
25,2,610,377,131,442,1,-1,-1,-1
25,5,305,277,141,408,1,-1,-1,-1
25,20,1446,269,137,230,1,-1,-1,-1
25,4,459,323,147,408,1,-1,-1,-1
25,3,592,322,85,341,1,-1,-1,-1
25,14,1285,306,148,387,1,-1,-1,-1
25,15,1037,269,153,359,1,-1,-1,-1
25,10,692,277,128,388,1,-1,-1,-1
26,8,938,312,152,411,1,-1,-1,-1
26,12,1436,350,127,417,1,-1,-1,-1
26,13,1364,322,158,390,1,-1,-1,-1
26,7,958,354,230,433,1,-1,-1,-1
26,18,1703,313,149,384,1,-1,-1,-1
26,11,1507,392,226,422,1,-1,-1,-1
26,19,1615,315,155,377,1,-1,-1,-1
26,6,1155,396,169,451,1,-1,-1,-1
26,9,866,327,142,402,1,-1,-1,-1
26,1,699,427,249,440,1,-1,-1,-1
26,17,1777,356,134,398,1,-1,-1,-1
26,2,590,385,152,442,1,-1,-1,-1
26,5,313,288,137,409,1,-1,-1,-1
26,20,1450,281,146,220,1,-1,-1,-1
26,4,468,333,137,412,1,-1,-1,-1
26,3,582,330,92,339,1,-1,-1,-1
26,14,1285,317,167,390,1,-1,-1,-1
26,15,1033,280,170,371,1,-1,-1,-1
26,10,694,287,131,383,1,-1,-1,-1
27,8,908,324,176,403,1,-1,-1,-1
27,12,1397,357,171,416,1,-1,-1,-1
27,13,1314,328,196,389,1,-1,-1,-1
27,7,935,361,227,434,1,-1,-1,-1
27,18,1680,317,156,387,1,-1,-1,-1
27,11,1475,399,245,421,1,-1,-1,-1
27,19,1618,321,150,382,1,-1,-1,-1
27,6,1113,403,201,449,1,-1,-1,-1
27,9,843,330,164,408,1,-1,-1,-1
27,1,665,433,269,441,1,-1,-1,-1
27,17,1735,363,154,394,1,-1,-1,-1
27,2,536,392,189,440,1,-1,-1,-1
27,5,292,297,151,411,1,-1,-1,-1
27,20,1438,286,144,206,1,-1,-1,-1
27,4,460,342,146,415,1,-1,-1,-1
27,3,558,336,97,359,1,-1,-1,-1
27,14,1269,326,176,393,1,-1,-1,-1
27,15,1012,287,180,370,1,-1,-1,-1
27,10,679,297,146,380,1,-1,-1,-1
28,8,883,329,186,402,1,-1,-1,-1
28,12,1359,364,215,416,1,-1,-1,-1
28,13,1264,335,234,388,1,-1,-1,-1
28,7,911,368,224,435,1,-1,-1,-1
28,18,1657,322,164,391,1,-1,-1,-1
28,11,1443,406,265,420,1,-1,-1,-1
28,19,1621,328,146,388,1,-1,-1,-1
28,6,1072,410,233,447,1,-1,-1,-1
28,9,821,334,187,415,1,-1,-1,-1
28,1,632,440,290,443,1,-1,-1,-1
28,17,1694,370,174,390,1,-1,-1,-1
28,2,481,399,225,438,1,-1,-1,-1
28,16,1820,482,95,324,1,-1,-1,-1
28,5,272,306,164,413,1,-1,-1,-1
28,20,1427,291,142,192,1,-1,-1,-1
28,4,452,351,155,417,1,-1,-1,-1
28,3,535,342,101,380,1,-1,-1,-1
28,14,1252,335,185,397,1,-1,-1,-1
28,15,990,294,190,370,1,-1,-1,-1
28,10,665,307,162,377,1,-1,-1,-1
29,8,858,335,196,401,1,-1,-1,-1
29,12,1351,366,210,411,1,-1,-1,-1
29,13,1251,336,235,386,1,-1,-1,-1
29,7,908,369,212,437,1,-1,-1,-1
29,18,1653,324,150,383,1,-1,-1,-1
29,11,1435,407,248,420,1,-1,-1,-1
29,19,1607,336,161,385,1,-1,-1,-1
29,6,1059,411,233,448,1,-1,-1,-1
29,9,813,340,188,414,1,-1,-1,-1
29,1,619,443,275,443,1,-1,-1,-1
29,17,1679,373,176,391,1,-1,-1,-1
29,2,462,405,243,433,1,-1,-1,-1
29,16,1815,439,101,369,1,-1,-1,-1
29,5,251,311,181,417,1,-1,-1,-1
29,20,1444,297,113,212,1,-1,-1,-1
29,4,449,356,140,419,1,-1,-1,-1
29,3,539,342,119,392,1,-1,-1,-1
29,14,1252,338,184,399,1,-1,-1,-1
29,15,991,297,171,369,1,-1,-1,-1
29,10,654,310,158,375,1,-1,-1,-1
30,8,842,333,191,392,1,-1,-1,-1
30,12,1343,368,205,406,1,-1,-1,-1
30,13,1238,337,236,385,1,-1,-1,-1
30,7,904,369,201,440,1,-1,-1,-1
30,18,1649,327,137,376,1,-1,-1,-1
30,11,1427,409,232,420,1,-1,-1,-1
30,19,1593,345,176,383,1,-1,-1,-1
30,6,1046,412,232,450,1,-1,-1,-1
30,9,805,347,189,414,1,-1,-1,-1
30,1,607,446,260,443,1,-1,-1,-1
30,17,1665,376,178,393,1,-1,-1,-1
30,2,442,411,260,429,1,-1,-1,-1
30,16,1811,397,107,415,1,-1,-1,-1
30,5,230,317,198,422,1,-1,-1,-1
30,20,1461,303,84,233,1,-1,-1,-1
30,4,445,361,125,421,1,-1,-1,-1
30,3,544,342,136,404,1,-1,-1,-1
30,14,1252,341,182,401,1,-1,-1,-1
30,15,991,301,153,368,1,-1,-1,-1
30,10,644,314,155,372,1,-1,-1,-1
31,8,827,331,185,382,1,-1,-1,-1
31,12,1331,365,193,409,1,-1,-1,-1
31,13,1230,334,178,382,1,-1,-1,-1
31,7,886,365,174,444,1,-1,-1,-1
31,18,1631,326,103,375,1,-1,-1,-1
31,11,1428,406,186,425,1,-1,-1,-1
31,19,1582,346,173,385,1,-1,-1,-1
31,6,1035,409,206,453,1,-1,-1,-1
31,9,814,348,176,415,1,-1,-1,-1
31,1,602,440,218,448,1,-1,-1,-1
31,17,1654,376,175,393,1,-1,-1,-1
31,2,429,411,210,431,1,-1,-1,-1
31,16,1801,395,117,416,1,-1,-1,-1
31,5,217,317,185,422,1,-1,-1,-1
31,20,1443,303,86,269,1,-1,-1,-1
31,4,434,364,141,422,1,-1,-1,-1
31,3,520,338,131,397,1,-1,-1,-1
31,14,1261,341,170,402,1,-1,-1,-1
31,15,986,301,126,361,1,-1,-1,-1
31,10,626,312,147,344,1,-1,-1,-1
32,8,815,327,142,391,1,-1,-1,-1
32,12,1320,363,180,412,1,-1,-1,-1
32,13,1223,332,120,379,1,-1,-1,-1
32,7,867,361,148,449,1,-1,-1,-1
32,18,1613,325,69,375,1,-1,-1,-1
32,11,1429,403,141,430,1,-1,-1,-1
32,19,1571,347,171,387,1,-1,-1,-1
32,6,1025,406,179,456,1,-1,-1,-1
32,9,823,349,163,417,1,-1,-1,-1
32,1,598,435,176,454,1,-1,-1,-1
32,17,1643,376,173,394,1,-1,-1,-1
32,2,415,411,201,433,1,-1,-1,-1
32,16,1792,394,126,418,1,-1,-1,-1
32,5,205,318,171,423,1,-1,-1,-1
32,20,1426,304,88,305,1,-1,-1,-1
32,4,422,367,158,422,1,-1,-1,-1
32,3,497,335,125,391,1,-1,-1,-1
32,14,1270,342,157,403,1,-1,-1,-1
32,15,981,302,100,354,1,-1,-1,-1
32,10,608,311,140,316,1,-1,-1,-1
33,8,804,324,99,399,1,-1,-1,-1
33,12,1308,358,156,415,1,-1,-1,-1
33,13,1222,328,114,379,1,-1,-1,-1
33,7,831,360,176,448,1,-1,-1,-1
33,18,1588,322,84,365,1,-1,-1,-1
33,11,1405,400,131,431,1,-1,-1,-1
33,19,1597,349,158,384,1,-1,-1,-1
33,6,1019,404,144,456,1,-1,-1,-1
33,9,849,347,162,418,1,-1,-1,-1
33,1,581,436,153,451,1,-1,-1,-1
33,17,1641,374,154,395,1,-1,-1,-1
33,2,413,409,177,432,1,-1,-1,-1
33,16,1778,389,114,421,1,-1,-1,-1
33,5,202,318,159,421,1,-1,-1,-1
33,20,1426,302,84,256,1,-1,-1,-1
33,4,423,363,154,425,1,-1,-1,-1
33,3,460,330,134,380,1,-1,-1,-1
33,14,1306,342,135,413,1,-1,-1,-1
33,15,969,302,101,367,1,-1,-1,-1
33,10,600,311,141,313,1,-1,-1,-1
34,8,780,324,104,396,1,-1,-1,-1
34,12,1297,354,132,419,1,-1,-1,-1
34,13,1221,325,109,380,1,-1,-1,-1
34,7,795,359,205,447,1,-1,-1,-1
34,18,1564,319,100,356,1,-1,-1,-1
34,11,1381,398,121,432,1,-1,-1,-1
34,19,1623,351,145,382,1,-1,-1,-1
34,6,1013,401,108,456,1,-1,-1,-1
34,9,875,346,161,420,1,-1,-1,-1
34,1,564,438,131,449,1,-1,-1,-1
34,17,1639,372,135,396,1,-1,-1,-1
34,2,410,407,152,432,1,-1,-1,-1
34,16,1764,385,102,425,1,-1,-1,-1
34,5,200,318,147,420,1,-1,-1,-1
34,20,1426,300,81,208,1,-1,-1,-1
34,4,423,359,151,428,1,-1,-1,-1
34,3,423,325,142,369,1,-1,-1,-1
34,14,1341,343,113,423,1,-1,-1,-1
34,15,957,302,103,380,1,-1,-1,-1
34,10,592,311,142,309,1,-1,-1,-1
35,8,756,324,109,392,1,-1,-1,-1
35,12,1261,356,142,420,1,-1,-1,-1
35,13,1177,328,138,380,1,-1,-1,-1
35,7,767,360,223,448,1,-1,-1,-1
35,18,1524,324,135,365,1,-1,-1,-1
35,11,1335,404,168,429,1,-1,-1,-1
35,19,1644,357,123,382,1,-1,-1,-1
35,6,973,406,131,456,1,-1,-1,-1
35,9,895,356,132,413,1,-1,-1,-1
35,1,509,432,175,459,1,-1,-1,-1
35,17,1607,374,146,398,1,-1,-1,-1
35,2,384,406,170,436,1,-1,-1,-1
35,16,1722,389,139,424,1,-1,-1,-1
35,5,179,321,156,418,1,-1,-1,-1
35,20,1400,306,99,225,1,-1,-1,-1
35,4,409,366,162,427,1,-1,-1,-1
35,3,395,327,143,384,1,-1,-1,-1
35,14,1346,353,102,410,1,-1,-1,-1
35,15,945,306,103,263,1,-1,-1,-1
35,10,591,320,134,345,1,-1,-1,-1
36,8,724,324,142,393,1,-1,-1,-1
36,12,1226,358,152,422,1,-1,-1,-1
36,13,1133,331,168,380,1,-1,-1,-1
36,7,738,361,241,449,1,-1,-1,-1
36,18,1484,329,170,375,1,-1,-1,-1
36,11,1290,410,216,426,1,-1,-1,-1
36,19,1666,363,102,382,1,-1,-1,-1
36,6,933,410,154,457,1,-1,-1,-1
36,9,915,366,103,406,1,-1,-1,-1
36,1,454,426,220,470,1,-1,-1,-1
36,17,1576,376,158,401,1,-1,-1,-1
36,2,357,406,187,440,1,-1,-1,-1
36,16,1681,394,176,423,1,-1,-1,-1
36,5,158,325,165,417,1,-1,-1,-1
36,20,1374,313,117,242,1,-1,-1,-1
36,4,394,372,173,425,1,-1,-1,-1
36,3,368,330,144,400,1,-1,-1,-1
36,14,1350,363,90,398,1,-1,-1,-1
36,15,932,310,103,146,1,-1,-1,-1
36,10,591,330,127,381,1,-1,-1,-1
37,8,692,324,175,394,1,-1,-1,-1
37,12,1204,358,169,423,1,-1,-1,-1
37,13,1098,331,206,383,1,-1,-1,-1
37,7,732,362,217,449,1,-1,-1,-1
37,18,1465,331,173,362,1,-1,-1,-1
37,11,1264,411,228,426,1,-1,-1,-1
37,19,1679,370,83,384,1,-1,-1,-1
37,6,892,412,191,457,1,-1,-1,-1
37,9,903,372,132,414,1,-1,-1,-1
37,1,426,428,243,468,1,-1,-1,-1
37,17,1557,376,168,406,1,-1,-1,-1
37,2,329,407,201,440,1,-1,-1,-1
37,16,1654,396,200,423,1,-1,-1,-1
37,5,136,328,179,423,1,-1,-1,-1
37,20,1370,315,117,227,1,-1,-1,-1
37,4,413,375,137,414,1,-1,-1,-1
37,3,338,331,161,382,1,-1,-1,-1
37,14,1344,368,114,390,1,-1,-1,-1
37,15,923,313,103,142,1,-1,-1,-1
37,10,581,332,132,385,1,-1,-1,-1
38,8,664,328,179,379,1,-1,-1,-1
38,12,1183,358,185,424,1,-1,-1,-1
38,13,1064,331,245,386,1,-1,-1,-1
38,7,725,363,192,450,1,-1,-1,-1
38,18,1446,333,176,350,1,-1,-1,-1
38,11,1238,412,240,426,1,-1,-1,-1
38,19,1693,377,64,386,1,-1,-1,-1
38,6,852,413,227,458,1,-1,-1,-1
38,9,892,379,162,422,1,-1,-1,-1
38,1,399,431,266,467,1,-1,-1,-1
38,17,1538,376,179,412,1,-1,-1,-1
38,2,300,409,215,440,1,-1,-1,-1
38,16,1628,399,223,424,1,-1,-1,-1
38,5,115,331,192,429,1,-1,-1,-1
38,20,1367,317,117,212,1,-1,-1,-1
38,4,432,378,102,402,1,-1,-1,-1
38,3,308,332,178,365,1,-1,-1,-1
38,14,1338,373,137,382,1,-1,-1,-1
38,15,914,316,104,139,1,-1,-1,-1
38,10,572,335,137,389,1,-1,-1,-1
39,8,637,332,182,363,1,-1,-1,-1
39,12,1172,352,187,424,1,-1,-1,-1
39,13,1050,322,239,378,1,-1,-1,-1
39,7,718,363,187,438,1,-1,-1,-1
39,18,1444,328,166,350,1,-1,-1,-1
39,11,1231,406,229,425,1,-1,-1,-1
39,19,1686,375,85,387,1,-1,-1,-1
39,6,833,408,234,457,1,-1,-1,-1
39,9,888,379,168,421,1,-1,-1,-1
39,1,385,428,264,462,1,-1,-1,-1
39,17,1529,371,174,408,1,-1,-1,-1
39,2,295,405,196,438,1,-1,-1,-1
39,16,1618,394,223,422,1,-1,-1,-1
39,5,112,331,193,429,1,-1,-1,-1
39,20,1367,317,117,183,1,-1,-1,-1
39,4,432,378,120,422,1,-1,-1,-1
39,3,292,329,179,364,1,-1,-1,-1
39,14,1351,374,130,393,1,-1,-1,-1
39,15,849,322,162,388,1,-1,-1,-1
39,10,561,334,145,399,1,-1,-1,-1
40,8,633,321,167,366,1,-1,-1,-1
40,12,1162,347,188,424,1,-1,-1,-1
40,13,1037,314,233,371,1,-1,-1,-1
40,7,723,350,167,442,1,-1,-1,-1
40,18,1442,323,156,350,1,-1,-1,-1
40,11,1224,400,218,424,1,-1,-1,-1
40,19,1680,373,107,389,1,-1,-1,-1
40,6,815,403,241,457,1,-1,-1,-1
40,9,884,380,175,420,1,-1,-1,-1
40,1,371,426,263,458,1,-1,-1,-1
40,17,1521,366,169,405,1,-1,-1,-1
40,2,289,401,177,437,1,-1,-1,-1
40,16,1608,390,222,421,1,-1,-1,-1
40,5,109,331,193,430,1,-1,-1,-1
40,20,1367,317,117,154,1,-1,-1,-1
40,4,431,377,139,442,1,-1,-1,-1
40,3,276,327,179,363,1,-1,-1,-1
40,14,1364,376,122,405,1,-1,-1,-1
40,15,840,314,154,387,1,-1,-1,-1
40,10,550,333,153,408,1,-1,-1,-1
41,8,629,310,151,368,1,-1,-1,-1
41,12,1149,339,176,415,1,-1,-1,-1
41,13,1033,306,196,374,1,-1,-1,-1
41,7,727,336,147,446,1,-1,-1,-1
41,18,1445,314,122,355,1,-1,-1,-1
41,11,1221,391,178,423,1,-1,-1,-1
41,19,1688,369,96,382,1,-1,-1,-1
41,6,803,397,216,452,1,-1,-1,-1
41,9,900,370,151,427,1,-1,-1,-1
41,1,355,417,239,457,1,-1,-1,-1
41,17,1514,359,160,401,1,-1,-1,-1
41,2,283,394,174,430,1,-1,-1,-1
41,16,1601,380,192,416,1,-1,-1,-1
41,5,101,324,190,432,1,-1,-1,-1
41,20,1338,314,138,271,1,-1,-1,-1
41,4,434,374,131,441,1,-1,-1,-1
41,3,257,320,167,362,1,-1,-1,-1
41,14,1355,373,129,403,1,-1,-1,-1
41,15,831,307,145,386,1,-1,-1,-1
41,10,544,325,151,412,1,-1,-1,-1
42,8,618,303,141,373,1,-1,-1,-1
42,12,1137,331,163,406,1,-1,-1,-1
42,13,1030,298,159,377,1,-1,-1,-1
42,7,714,333,142,445,1,-1,-1,-1
42,18,1449,306,89,361,1,-1,-1,-1
42,11,1219,383,139,423,1,-1,-1,-1
42,19,1697,366,86,374,1,-1,-1,-1
42,6,791,390,190,448,1,-1,-1,-1
42,9,917,361,127,434,1,-1,-1,-1
42,1,340,408,215,457,1,-1,-1,-1
42,17,1508,353,151,398,1,-1,-1,-1
42,2,277,388,171,423,1,-1,-1,-1
42,16,1595,371,162,412,1,-1,-1,-1
42,5,93,317,187,435,1,-1,-1,-1
42,20,1309,311,159,388,1,-1,-1,-1
42,4,436,371,124,439,1,-1,-1,-1
42,3,238,314,155,362,1,-1,-1,-1
42,14,1345,370,136,402,1,-1,-1,-1
42,15,826,306,144,387,1,-1,-1,-1
42,10,538,318,149,415,1,-1,-1,-1
43,8,607,296,130,378,1,-1,-1,-1
43,12,1135,327,141,410,1,-1,-1,-1
43,13,1027,296,118,378,1,-1,-1,-1
43,7,701,329,137,444,1,-1,-1,-1
43,18,1440,306,75,295,1,-1,-1,-1
43,11,1208,380,126,426,1,-1,-1,-1
43,19,1691,367,95,381,1,-1,-1,-1
43,6,792,385,156,452,1,-1,-1,-1
43,9,908,363,132,431,1,-1,-1,-1
43,1,346,403,178,461,1,-1,-1,-1
43,17,1515,351,132,395,1,-1,-1,-1
43,2,275,386,157,425,1,-1,-1,-1
43,16,1592,367,136,417,1,-1,-1,-1
43,5,90,317,183,435,1,-1,-1,-1
43,20,1307,310,149,387,1,-1,-1,-1
43,4,435,370,123,440,1,-1,-1,-1
43,3,244,310,131,365,1,-1,-1,-1
43,14,1343,371,145,401,1,-1,-1,-1
43,15,821,306,143,389,1,-1,-1,-1
43,10,535,319,148,414,1,-1,-1,-1
44,8,597,293,104,381,1,-1,-1,-1
44,12,1134,324,119,414,1,-1,-1,-1
44,13,1024,294,78,380,1,-1,-1,-1
44,7,671,329,152,441,1,-1,-1,-1
44,18,1431,306,61,230,1,-1,-1,-1
44,11,1197,377,113,429,1,-1,-1,-1
44,19,1685,369,104,387,1,-1,-1,-1
44,6,794,380,122,457,1,-1,-1,-1
44,9,900,365,137,428,1,-1,-1,-1
44,1,353,399,142,465,1,-1,-1,-1
44,17,1522,349,114,393,1,-1,-1,-1
44,2,272,384,143,427,1,-1,-1,-1
44,16,1589,363,109,422,1,-1,-1,-1
44,5,87,317,179,435,1,-1,-1,-1
44,20,1305,310,138,387,1,-1,-1,-1
44,4,434,368,122,440,1,-1,-1,-1
44,3,250,306,106,369,1,-1,-1,-1
44,14,1340,372,154,400,1,-1,-1,-1
44,15,831,307,127,378,1,-1,-1,-1
44,10,532,320,148,413,1,-1,-1,-1
45,8,588,291,77,383,1,-1,-1,-1
45,12,1106,324,122,417,1,-1,-1,-1
45,13,1002,296,89,379,1,-1,-1,-1
45,7,640,329,167,438,1,-1,-1,-1
45,18,1424,307,43,148,1,-1,-1,-1
45,11,1139,379,154,428,1,-1,-1,-1
45,19,1668,373,122,386,1,-1,-1,-1
45,6,744,382,144,457,1,-1,-1,-1
45,9,896,370,140,429,1,-1,-1,-1
45,1,296,399,170,467,1,-1,-1,-1
45,17,1503,350,111,384,1,-1,-1,-1
45,2,248,384,147,428,1,-1,-1,-1
45,16,1551,364,126,423,1,-1,-1,-1
45,5,79,324,179,434,1,-1,-1,-1
45,20,1297,312,148,388,1,-1,-1,-1
45,4,423,375,130,444,1,-1,-1,-1
45,3,224,308,109,370,1,-1,-1,-1
45,14,1335,377,161,405,1,-1,-1,-1
45,15,841,308,111,368,1,-1,-1,-1
45,10,527,325,141,417,1,-1,-1,-1
46,8,576,295,68,385,1,-1,-1,-1
46,12,1078,324,125,420,1,-1,-1,-1
46,13,981,299,101,378,1,-1,-1,-1
46,7,632,329,164,442,1,-1,-1,-1
46,18,1282,321,150,331,1,-1,-1,-1
46,11,1082,382,196,427,1,-1,-1,-1
46,19,1652,378,140,384,1,-1,-1,-1
46,6,695,384,165,457,1,-1,-1,-1
46,9,893,376,143,430,1,-1,-1,-1
46,1,240,399,198,470,1,-1,-1,-1
46,17,1484,352,109,376,1,-1,-1,-1
46,2,223,384,151,429,1,-1,-1,-1
46,16,1514,365,143,424,1,-1,-1,-1
46,5,71,331,179,433,1,-1,-1,-1
46,20,1289,315,157,389,1,-1,-1,-1
46,4,411,382,139,448,1,-1,-1,-1
46,3,199,310,111,371,1,-1,-1,-1
46,14,1329,383,167,411,1,-1,-1,-1
46,15,829,313,123,375,1,-1,-1,-1
46,10,522,330,135,421,1,-1,-1,-1
47,8,542,295,103,381,1,-1,-1,-1
47,12,1051,321,152,419,1,-1,-1,-1
47,13,865,297,215,377,1,-1,-1,-1
47,7,623,329,161,446,1,-1,-1,-1
47,18,1264,315,151,342,1,-1,-1,-1
47,11,1064,380,210,424,1,-1,-1,-1
47,19,1654,378,145,392,1,-1,-1,-1
47,6,654,382,205,456,1,-1,-1,-1
47,9,899,377,148,435,1,-1,-1,-1
47,1,204,399,232,466,1,-1,-1,-1
47,17,1473,349,111,384,1,-1,-1,-1
47,2,225,381,143,433,1,-1,-1,-1
47,16,1485,365,173,421,1,-1,-1,-1
47,5,72,332,179,439,1,-1,-1,-1
47,20,1290,314,160,387,1,-1,-1,-1
47,4,409,386,149,449,1,-1,-1,-1
47,3,164,308,137,369,1,-1,-1,-1
47,14,1335,384,160,413,1,-1,-1,-1
47,15,818,319,134,382,1,-1,-1,-1
47,10,524,332,133,413,1,-1,-1,-1
48,8,508,295,137,376,1,-1,-1,-1
48,12,1024,319,179,418,1,-1,-1,-1
48,13,856,296,211,376,1,-1,-1,-1
48,7,618,328,151,440,1,-1,-1,-1
48,18,1246,309,152,353,1,-1,-1,-1
48,11,1046,379,224,422,1,-1,-1,-1
48,19,1656,378,151,400,1,-1,-1,-1
48,6,614,379,245,456,1,-1,-1,-1
48,9,905,379,153,440,1,-1,-1,-1
48,1,168,399,267,463,1,-1,-1,-1
48,17,1463,346,114,393,1,-1,-1,-1
48,2,229,371,166,441,1,-1,-1,-1
48,16,1456,365,203,418,1,-1,-1,-1
48,5,74,334,179,445,1,-1,-1,-1
48,20,1291,314,163,386,1,-1,-1,-1
48,4,406,390,160,450,1,-1,-1,-1
48,3,130,307,162,367,1,-1,-1,-1
48,14,1340,385,152,416,1,-1,-1,-1
48,15,799,324,146,389,1,-1,-1,-1
48,10,526,335,131,404,1,-1,-1,-1
49,8,443,297,188,376,1,-1,-1,-1
49,12,1016,319,165,418,1,-1,-1,-1
49,13,839,297,171,374,1,-1,-1,-1
49,7,612,327,141,434,1,-1,-1,-1
49,18,1233,307,148,357,1,-1,-1,-1
49,11,1034,380,210,421,1,-1,-1,-1
49,19,1648,383,156,405,1,-1,-1,-1
49,6,592,381,249,454,1,-1,-1,-1
49,9,899,387,149,440,1,-1,-1,-1
49,1,143,400,275,461,1,-1,-1,-1
49,17,1452,346,115,393,1,-1,-1,-1
49,2,243,370,135,444,1,-1,-1,-1
49,16,1451,367,194,416,1,-1,-1,-1
49,5,67,338,174,444,1,-1,-1,-1
49,20,1283,319,164,381,1,-1,-1,-1
49,4,406,395,155,453,1,-1,-1,-1
49,3,91,308,181,362,1,-1,-1,-1
49,14,1331,389,156,419,1,-1,-1,-1
49,15,780,329,157,396,1,-1,-1,-1
49,10,521,340,126,387,1,-1,-1,-1
50,8,379,299,238,376,1,-1,-1,-1
50,12,1009,319,151,419,1,-1,-1,-1
50,13,823,298,131,372,1,-1,-1,-1
50,7,609,322,114,435,1,-1,-1,-1
50,18,1220,306,144,362,1,-1,-1,-1
50,11,1023,381,196,421,1,-1,-1,-1
50,19,1640,388,162,409,1,-1,-1,-1
50,6,571,383,252,453,1,-1,-1,-1
50,9,894,396,146,440,1,-1,-1,-1
50,1,119,402,283,460,1,-1,-1,-1
50,17,1441,346,117,393,1,-1,-1,-1
50,2,232,367,133,444,1,-1,-1,-1
50,16,1447,370,184,414,1,-1,-1,-1
50,5,60,342,168,444,1,-1,-1,-1
50,20,1276,324,165,377,1,-1,-1,-1
50,4,406,400,150,455,1,-1,-1,-1
50,3,52,310,200,358,1,-1,-1,-1
50,14,1321,393,159,423,1,-1,-1,-1
50,15,772,333,166,394,1,-1,-1,-1
50,10,517,346,121,369,1,-1,-1,-1
51,8,367,299,230,374,1,-1,-1,-1
51,12,987,318,163,408,1,-1,-1,-1
51,13,793,298,137,371,1,-1,-1,-1
51,7,605,316,87,436,1,-1,-1,-1
51,18,1214,304,130,364,1,-1,-1,-1
51,11,1021,378,164,425,1,-1,-1,-1
51,19,1636,391,163,411,1,-1,-1,-1
51,6,566,382,223,453,1,-1,-1,-1
51,9,892,398,146,444,1,-1,-1,-1
51,1,114,401,254,458,1,-1,-1,-1
51,17,1432,345,109,388,1,-1,-1,-1
51,2,225,366,130,441,1,-1,-1,-1
51,16,1442,370,162,410,1,-1,-1,-1
51,5,53,345,171,441,1,-1,-1,-1
51,20,1273,326,168,387,1,-1,-1,-1
51,4,406,407,148,454,1,-1,-1,-1
51,3,42,310,188,362,1,-1,-1,-1
51,14,1318,395,157,422,1,-1,-1,-1
51,15,765,337,174,393,1,-1,-1,-1
51,10,495,350,139,395,1,-1,-1,-1
52,8,355,299,176,371,1,-1,-1,-1
52,12,965,317,174,398,1,-1,-1,-1
52,13,763,298,143,370,1,-1,-1,-1
52,7,594,318,79,437,1,-1,-1,-1
52,18,1209,302,117,367,1,-1,-1,-1
52,11,1020,375,132,430,1,-1,-1,-1
52,19,1633,395,164,412,1,-1,-1,-1
52,6,561,381,193,453,1,-1,-1,-1
52,9,890,400,146,448,1,-1,-1,-1
52,1,109,400,225,457,1,-1,-1,-1
52,17,1423,345,102,384,1,-1,-1,-1
52,2,218,365,126,438,1,-1,-1,-1
52,16,1438,371,140,407,1,-1,-1,-1
52,5,47,348,174,439,1,-1,-1,-1
52,20,1270,329,170,397,1,-1,-1,-1
52,4,406,413,146,452,1,-1,-1,-1
52,3,32,310,176,366,1,-1,-1,-1
52,14,1314,398,155,421,1,-1,-1,-1
52,15,752,340,183,393,1,-1,-1,-1
52,10,473,355,157,421,1,-1,-1,-1
53,8,347,300,167,371,1,-1,-1,-1
53,12,966,313,144,395,1,-1,-1,-1
53,13,761,298,126,328,1,-1,-1,-1
53,7,583,319,71,439,1,-1,-1,-1
53,18,1197,299,111,370,1,-1,-1,-1
53,11,1012,373,107,431,1,-1,-1,-1
53,19,1629,396,158,412,1,-1,-1,-1
53,6,555,378,163,456,1,-1,-1,-1
53,9,884,400,145,448,1,-1,-1,-1
53,1,102,398,192,457,1,-1,-1,-1
53,17,1416,344,93,363,1,-1,-1,-1
53,2,218,365,126,438,1,-1,-1,-1
53,16,1419,366,123,409,1,-1,-1,-1
53,5,46,348,166,438,1,-1,-1,-1
53,20,1276,330,159,397,1,-1,-1,-1
53,4,401,415,144,450,1,-1,-1,-1
53,3,27,309,155,367,1,-1,-1,-1
53,14,1310,402,150,416,1,-1,-1,-1
53,15,739,344,191,394,1,-1,-1,-1
53,10,469,355,164,419,1,-1,-1,-1
54,8,339,301,158,371,1,-1,-1,-1
54,12,968,310,113,393,1,-1,-1,-1
54,13,759,298,110,287,1,-1,-1,-1
54,7,554,319,96,434,1,-1,-1,-1
54,18,1186,296,105,373,1,-1,-1,-1
54,11,1004,372,83,433,1,-1,-1,-1
54,19,1626,397,153,411,1,-1,-1,-1
54,6,550,374,133,460,1,-1,-1,-1
54,9,879,401,145,448,1,-1,-1,-1
54,1,96,397,159,457,1,-1,-1,-1
54,17,1410,344,84,343,1,-1,-1,-1
54,2,218,365,126,438,1,-1,-1,-1
54,16,1400,361,106,412,1,-1,-1,-1
54,5,46,348,158,438,1,-1,-1,-1
54,20,1283,332,148,397,1,-1,-1,-1
54,4,395,416,142,447,1,-1,-1,-1
54,3,22,309,133,369,1,-1,-1,-1
54,14,1306,406,145,412,1,-1,-1,-1
54,15,740,344,184,393,1,-1,-1,-1
54,10,466,356,156,417,1,-1,-1,-1
55,8,332,299,146,373,1,-1,-1,-1
55,12,950,308,90,375,1,-1,-1,-1
55,13,714,298,134,328,1,-1,-1,-1
55,7,524,319,120,429,1,-1,-1,-1
55,18,1138,297,135,372,1,-1,-1,-1
55,11,963,372,126,433,1,-1,-1,-1
55,19,1629,399,140,409,1,-1,-1,-1
55,6,503,374,163,456,1,-1,-1,-1
55,9,875,402,145,448,1,-1,-1,-1
55,1,61,395,173,456,1,-1,-1,-1
55,17,1402,339,40,77,1,-1,-1,-1
55,2,218,365,126,438,1,-1,-1,-1
55,16,1386,358,98,415,1,-1,-1,-1
55,5,50,349,169,437,1,-1,-1,-1
55,20,1282,334,146,396,1,-1,-1,-1
55,4,387,417,143,449,1,-1,-1,-1
55,3,11,309,127,370,1,-1,-1,-1
55,14,1304,411,144,410,1,-1,-1,-1
55,15,742,344,177,393,1,-1,-1,-1
55,10,472,354,143,407,1,-1,-1,-1
56,8,325,297,133,375,1,-1,-1,-1
56,12,937,305,67,139,1,-1,-1,-1
56,13,669,298,159,369,1,-1,-1,-1
56,7,499,316,143,432,1,-1,-1,-1
56,18,1090,298,166,372,1,-1,-1,-1
56,11,879,374,214,429,1,-1,-1,-1
56,19,1633,402,127,407,1,-1,-1,-1
56,6,456,374,193,453,1,-1,-1,-1
56,9,872,404,145,448,1,-1,-1,-1
56,1,27,394,188,455,1,-1,-1,-1
56,2,218,365,126,438,1,-1,-1,-1
56,16,1373,356,89,418,1,-1,-1,-1
56,5,55,351,179,437,1,-1,-1,-1
56,20,1281,336,143,396,1,-1,-1,-1
56,4,379,417,144,451,1,-1,-1,-1
56,3,1,309,121,371,1,-1,-1,-1
56,14,1302,416,142,409,1,-1,-1,-1
56,15,741,344,181,389,1,-1,-1,-1
56,10,479,353,131,397,1,-1,-1,-1
57,8,290,295,156,374,1,-1,-1,-1
57,12,926,301,66,140,1,-1,-1,-1
57,13,636,293,185,369,1,-1,-1,-1
57,7,473,313,166,435,1,-1,-1,-1
57,18,1063,297,189,370,1,-1,-1,-1
57,11,847,370,243,423,1,-1,-1,-1
57,19,1640,402,119,405,1,-1,-1,-1
57,6,437,371,198,453,1,-1,-1,-1
57,9,875,407,145,448,1,-1,-1,-1
57,1,14,391,188,451,1,-1,-1,-1
57,17,1362,335,33,67,1,-1,-1,-1
57,2,218,365,126,438,1,-1,-1,-1
57,16,1317,347,147,420,1,-1,-1,-1
57,5,59,350,194,445,1,-1,-1,-1
57,20,1277,334,167,227,1,-1,-1,-1
57,4,379,418,145,457,1,-1,-1,-1
57,3,1,306,109,369,1,-1,-1,-1
57,14,1301,414,146,414,1,-1,-1,-1
57,15,740,344,184,385,1,-1,-1,-1
57,10,482,352,146,417,1,-1,-1,-1
58,8,256,293,178,373,1,-1,-1,-1
58,12,916,298,65,142,1,-1,-1,-1
58,13,604,288,212,369,1,-1,-1,-1
58,7,475,306,156,429,1,-1,-1,-1
58,18,1037,296,213,368,1,-1,-1,-1
58,11,816,367,272,418,1,-1,-1,-1
58,19,1647,402,112,402,1,-1,-1,-1
58,6,418,367,202,454,1,-1,-1,-1
58,9,879,410,145,448,1,-1,-1,-1
58,1,1,389,188,448,1,-1,-1,-1
58,17,1322,326,71,205,1,-1,-1,-1
58,2,218,365,126,438,1,-1,-1,-1
58,16,1262,339,205,423,1,-1,-1,-1
58,5,63,350,208,453,1,-1,-1,-1
58,20,1274,333,190,216,1,-1,-1,-1
58,4,378,418,147,463,1,-1,-1,-1
58,3,1,304,96,367,1,-1,-1,-1
58,14,1300,413,149,419,1,-1,-1,-1
58,15,748,339,192,395,1,-1,-1,-1
58,10,486,352,161,436,1,-1,-1,-1
59,8,248,287,171,373,1,-1,-1,-1
59,12,897,287,69,87,1,-1,-1,-1
59,13,593,283,212,367,1,-1,-1,-1
59,7,476,299,146,423,1,-1,-1,-1
59,18,1027,291,214,368,1,-1,-1,-1
59,11,805,360,264,415,1,-1,-1,-1
59,19,1641,398,116,408,1,-1,-1,-1
59,6,401,360,209,454,1,-1,-1,-1
59,9,871,412,151,447,1,-1,-1,-1
59,1,1,381,175,451,1,-1,-1,-1
59,17,1283,318,110,343,1,-1,-1,-1
59,2,218,365,126,438,1,-1,-1,-1
59,16,1243,337,212,419,1,-1,-1,-1
59,5,69,345,208,458,1,-1,-1,-1
59,20,1293,332,178,296,1,-1,-1,-1
59,4,375,418,148,464,1,-1,-1,-1
59,3,1,297,79,368,1,-1,-1,-1
59,14,1292,408,153,423,1,-1,-1,-1
59,15,756,335,200,405,1,-1,-1,-1
59,10,506,347,147,441,1,-1,-1,-1
60,8,240,282,163,373,1,-1,-1,-1
60,12,788,285,158,189,1,-1,-1,-1
60,13,583,278,212,366,1,-1,-1,-1
60,7,461,292,136,412,1,-1,-1,-1
60,18,1017,286,215,368,1,-1,-1,-1
60,11,794,353,257,412,1,-1,-1,-1
60,19,1635,395,120,414,1,-1,-1,-1
60,6,384,352,215,454,1,-1,-1,-1
60,9,864,414,157,447,1,-1,-1,-1
60,1,1,374,163,454,1,-1,-1,-1
60,17,1262,317,112,344,1,-1,-1,-1
60,2,218,365,126,438,1,-1,-1,-1
60,16,1224,336,218,416,1,-1,-1,-1
60,5,74,340,207,464,1,-1,-1,-1
60,20,1313,331,166,377,1,-1,-1,-1
60,4,372,418,150,464,1,-1,-1,-1
60,3,1,290,61,370,1,-1,-1,-1
60,14,1284,404,157,427,1,-1,-1,-1
60,15,762,336,220,410,1,-1,-1,-1
60,10,526,343,134,445,1,-1,-1,-1
61,8,230,286,157,372,1,-1,-1,-1
61,12,780,288,146,198,1,-1,-1,-1
61,13,591,279,175,370,1,-1,-1,-1
61,7,439,292,77,169,1,-1,-1,-1
61,18,1009,290,195,363,1,-1,-1,-1
61,11,788,358,226,412,1,-1,-1,-1
61,19,1624,398,127,417,1,-1,-1,-1
61,6,376,354,197,448,1,-1,-1,-1
61,9,853,414,164,452,1,-1,-1,-1
61,1,1,378,147,441,1,-1,-1,-1
61,17,1242,317,115,346,1,-1,-1,-1
61,2,218,365,126,438,1,-1,-1,-1
61,16,1214,337,210,409,1,-1,-1,-1
61,5,88,347,187,459,1,-1,-1,-1
61,20,1336,334,142,392,1,-1,-1,-1
61,4,369,425,155,464,1,-1,-1,-1
61,3,1,298,47,267,1,-1,-1,-1
61,14,1272,404,158,430,1,-1,-1,-1
61,15,769,338,240,415,1,-1,-1,-1
61,10,520,348,138,445,1,-1,-1,-1
62,8,221,290,151,371,1,-1,-1,-1
62,12,773,291,135,208,1,-1,-1,-1
62,13,599,280,138,374,1,-1,-1,-1
62,7,426,292,75,164,1,-1,-1,-1
62,18,1008,291,173,364,1,-1,-1,-1
62,11,782,363,196,412,1,-1,-1,-1
62,19,1613,401,134,420,1,-1,-1,-1
62,6,369,356,178,443,1,-1,-1,-1
62,9,843,415,172,458,1,-1,-1,-1
62,1,1,382,132,429,1,-1,-1,-1
62,17,1281,319,58,122,1,-1,-1,-1
62,2,218,365,126,438,1,-1,-1,-1
62,16,1205,339,201,403,1,-1,-1,-1
62,5,101,354,167,455,1,-1,-1,-1
62,20,1360,338,119,408,1,-1,-1,-1
62,4,366,431,160,464,1,-1,-1,-1
62,3,2,306,33,164,1,-1,-1,-1
62,14,1260,405,158,433,1,-1,-1,-1
62,15,832,338,161,417,1,-1,-1,-1
62,10,515,353,143,444,1,-1,-1,-1
63,8,223,290,132,369,1,-1,-1,-1
63,12,767,294,119,220,1,-1,-1,-1
63,13,582,281,137,375,1,-1,-1,-1
63,7,413,292,110,415,1,-1,-1,-1
63,18,1007,292,152,365,1,-1,-1,-1
63,11,772,362,168,414,1,-1,-1,-1
63,19,1601,403,134,421,1,-1,-1,-1
63,6,363,355,171,446,1,-1,-1,-1
63,9,826,417,175,457,1,-1,-1,-1
63,1,1,382,110,404,1,-1,-1,-1
63,17,1260,321,60,128,1,-1,-1,-1
63,2,218,365,126,438,1,-1,-1,-1
63,16,1201,339,171,404,1,-1,-1,-1
63,5,104,359,157,452,1,-1,-1,-1
63,20,1353,341,125,407,1,-1,-1,-1
63,4,358,436,166,463,1,-1,-1,-1
63,3,1,380,17,75,1,-1,-1,-1
63,14,1239,406,158,436,1,-1,-1,-1
63,15,903,344,91,337,1,-1,-1,-1
63,10,513,357,143,442,1,-1,-1,-1
64,12,761,297,106,296,1,-1,-1,-1
64,13,566,282,136,377,1,-1,-1,-1
64,7,373,294,143,413,1,-1,-1,-1
64,18,999,293,144,367,1,-1,-1,-1
64,11,762,362,140,417,1,-1,-1,-1
64,19,1589,405,135,422,1,-1,-1,-1
64,6,358,354,163,449,1,-1,-1,-1
64,9,810,419,178,456,1,-1,-1,-1
64,1,1,382,88,380,1,-1,-1,-1
64,17,1226,322,72,223,1,-1,-1,-1
64,16,1197,339,141,406,1,-1,-1,-1
64,5,106,364,147,449,1,-1,-1,-1
64,20,1346,345,132,407,1,-1,-1,-1
64,4,349,440,173,461,1,-1,-1,-1
64,8,225,290,113,366,1,-1,-1,-1
64,14,1217,408,158,439,1,-1,-1,-1
64,15,895,349,97,346,1,-1,-1,-1
64,10,512,361,144,439,1,-1,-1,-1
65,12,739,297,105,300,1,-1,-1,-1
65,13,531,283,166,377,1,-1,-1,-1
65,7,333,296,177,412,1,-1,-1,-1
65,18,991,294,137,370,1,-1,-1,-1
65,11,714,362,169,417,1,-1,-1,-1
65,19,1568,406,140,423,1,-1,-1,-1
65,6,325,352,179,450,1,-1,-1,-1
65,9,778,424,190,460,1,-1,-1,-1
65,1,1,376,74,378,1,-1,-1,-1
65,17,1192,323,83,319,1,-1,-1,-1
65,16,1194,336,128,410,1,-1,-1,-1
65,5,108,369,146,454,1,-1,-1,-1
65,20,1345,350,134,403,1,-1,-1,-1
65,4,325,445,182,461,1,-1,-1,-1
65,8,209,291,113,346,1,-1,-1,-1
65,14,1192,405,175,447,1,-1,-1,-1
65,15,887,354,102,355,1,-1,-1,-1
65,10,508,367,148,438,1,-1,-1,-1
66,12,718,297,105,373,1,-1,-1,-1
66,13,496,284,196,378,1,-1,-1,-1
66,7,307,298,195,410,1,-1,-1,-1
66,18,978,297,146,365,1,-1,-1,-1
66,11,666,362,198,417,1,-1,-1,-1
66,19,1548,408,146,423,1,-1,-1,-1
66,6,293,350,194,451,1,-1,-1,-1
66,9,747,429,202,465,1,-1,-1,-1
66,1,1,371,59,377,1,-1,-1,-1
66,17,1171,322,84,330,1,-1,-1,-1
66,16,1191,334,114,414,1,-1,-1,-1
66,5,109,375,144,460,1,-1,-1,-1
66,20,1344,355,137,399,1,-1,-1,-1
66,4,300,449,191,460,1,-1,-1,-1
66,8,194,292,113,325,1,-1,-1,-1
66,14,1166,403,192,455,1,-1,-1,-1
66,15,878,356,126,385,1,-1,-1,-1
66,10,504,374,153,436,1,-1,-1,-1
67,12,678,296,126,368,1,-1,-1,-1
67,13,475,284,209,386,1,-1,-1,-1
67,7,281,299,214,408,1,-1,-1,-1
67,18,966,301,155,361,1,-1,-1,-1
67,11,654,359,191,417,1,-1,-1,-1
67,19,1524,408,168,430,1,-1,-1,-1
67,6,279,348,193,452,1,-1,-1,-1
67,9,722,431,225,467,1,-1,-1,-1
67,1,1,367,45,334,1,-1,-1,-1
67,17,1150,322,85,342,1,-1,-1,-1
67,16,1153,331,137,413,1,-1,-1,-1
67,5,110,383,162,459,1,-1,-1,-1
67,20,1348,357,138,402,1,-1,-1,-1
67,4,271,450,224,467,1,-1,-1,-1
67,8,156,292,139,355,1,-1,-1,-1
67,14,1145,408,210,452,1,-1,-1,-1
67,15,870,359,150,416,1,-1,-1,-1
67,10,504,380,170,437,1,-1,-1,-1
68,12,638,296,147,364,1,-1,-1,-1
68,13,455,284,222,395,1,-1,-1,-1
68,7,270,297,200,401,1,-1,-1,-1
68,18,969,302,142,357,1,-1,-1,-1
68,11,643,356,184,418,1,-1,-1,-1
68,19,1500,409,190,437,1,-1,-1,-1
68,6,265,345,191,454,1,-1,-1,-1
68,9,697,433,249,469,1,-1,-1,-1
68,1,1,363,31,292,1,-1,-1,-1
68,17,1104,319,148,347,1,-1,-1,-1
68,16,1116,329,160,413,1,-1,-1,-1
68,5,111,391,179,458,1,-1,-1,-1
68,20,1352,360,140,405,1,-1,-1,-1
68,4,242,451,258,473,1,-1,-1,-1
68,8,118,292,164,384,1,-1,-1,-1
68,14,1124,414,227,450,1,-1,-1,-1
68,15,869,362,172,416,1,-1,-1,-1
68,10,504,386,187,438,1,-1,-1,-1
69,12,636,294,128,276,1,-1,-1,-1
69,13,441,285,202,395,1,-1,-1,-1
69,7,259,295,186,394,1,-1,-1,-1
69,18,972,303,129,354,1,-1,-1,-1
69,11,622,355,187,418,1,-1,-1,-1
69,19,1477,412,212,438,1,-1,-1,-1
69,9,679,438,258,471,1,-1,-1,-1
69,6,243,344,197,449,1,-1,-1,-1
69,17,1059,316,211,352,1,-1,-1,-1
69,16,1095,329,166,413,1,-1,-1,-1
69,5,117,394,177,461,1,-1,-1,-1
69,20,1352,363,144,410,1,-1,-1,-1
69,4,222,458,273,473,1,-1,-1,-1
69,8,100,292,169,393,1,-1,-1,-1
69,14,1106,413,229,457,1,-1,-1,-1
69,15,868,366,193,416,1,-1,-1,-1
69,10,504,389,187,442,1,-1,-1,-1
70,12,635,293,110,189,1,-1,-1,-1
70,13,428,287,183,395,1,-1,-1,-1
70,7,255,293,135,311,1,-1,-1,-1
70,18,925,303,158,353,1,-1,-1,-1
70,11,602,354,190,418,1,-1,-1,-1
70,19,1454,416,235,438,1,-1,-1,-1
70,9,662,444,267,473,1,-1,-1,-1
70,6,221,343,203,444,1,-1,-1,-1
70,17,1047,314,169,351,1,-1,-1,-1
70,16,1074,329,171,413,1,-1,-1,-1
70,5,123,397,174,465,1,-1,-1,-1
70,20,1352,367,148,415,1,-1,-1,-1
70,4,202,465,289,473,1,-1,-1,-1
70,8,82,293,174,402,1,-1,-1,-1
70,14,1088,413,231,464,1,-1,-1,-1
70,15,863,372,196,415,1,-1,-1,-1
70,10,504,393,187,446,1,-1,-1,-1
71,12,636,290,93,187,1,-1,-1,-1
71,13,427,287,173,392,1,-1,-1,-1
71,7,250,291,84,229,1,-1,-1,-1
71,18,878,303,187,352,1,-1,-1,-1
71,11,603,347,179,416,1,-1,-1,-1
71,19,1442,417,241,436,1,-1,-1,-1
71,9,660,444,253,471,1,-1,-1,-1
71,6,221,337,192,449,1,-1,-1,-1
71,17,1035,313,126,350,1,-1,-1,-1
71,16,1074,322,169,409,1,-1,-1,-1
71,5,140,400,160,458,1,-1,-1,-1
71,20,1359,367,146,416,1,-1,-1,-1
71,4,199,468,273,470,1,-1,-1,-1
71,8,77,293,172,404,1,-1,-1,-1
71,14,1085,413,215,461,1,-1,-1,-1
71,15,858,379,198,415,1,-1,-1,-1
71,10,515,392,181,448,1,-1,-1,-1
72,12,638,288,76,186,1,-1,-1,-1
72,13,427,288,163,390,1,-1,-1,-1
72,7,240,287,78,219,1,-1,-1,-1
72,18,871,297,175,363,1,-1,-1,-1
72,11,605,341,169,415,1,-1,-1,-1
72,19,1430,418,247,434,1,-1,-1,-1
72,9,658,444,240,470,1,-1,-1,-1
72,6,221,331,181,454,1,-1,-1,-1
72,17,1036,308,110,351,1,-1,-1,-1
72,16,1075,316,167,406,1,-1,-1,-1
72,5,156,404,145,452,1,-1,-1,-1
72,20,1366,368,144,417,1,-1,-1,-1
72,4,195,470,257,467,1,-1,-1,-1
72,8,72,293,170,405,1,-1,-1,-1
72,14,1081,414,199,458,1,-1,-1,-1
72,15,885,377,176,415,1,-1,-1,-1
72,10,527,391,175,449,1,-1,-1,-1
73,12,610,286,88,190,1,-1,-1,-1
73,13,433,285,148,390,1,-1,-1,-1
73,7,230,282,72,209,1,-1,-1,-1
73,18,865,292,163,375,1,-1,-1,-1
73,11,612,335,152,418,1,-1,-1,-1
73,19,1428,416,229,434,1,-1,-1,-1
73,9,670,438,203,473,1,-1,-1,-1
73,6,221,330,170,439,1,-1,-1,-1
73,17,1037,304,94,353,1,-1,-1,-1
73,16,1075,311,149,405,1,-1,-1,-1
73,5,159,403,127,450,1,-1,-1,-1
73,20,1371,366,141,419,1,-1,-1,-1
73,4,210,468,200,467,1,-1,-1,-1
73,8,73,289,162,405,1,-1,-1,-1
73,14,1092,414,156,457,1,-1,-1,-1
73,15,912,375,153,416,1,-1,-1,-1
73,10,542,392,168,446,1,-1,-1,-1
74,12,583,285,101,194,1,-1,-1,-1
74,13,439,283,134,390,1,-1,-1,-1
74,7,178,282,111,285,1,-1,-1,-1
74,18,853,289,165,375,1,-1,-1,-1
74,11,619,330,136,422,1,-1,-1,-1
74,19,1426,414,211,433,1,-1,-1,-1
74,9,683,433,167,476,1,-1,-1,-1
74,6,259,321,126,259,1,-1,-1,-1
74,17,1036,301,79,353,1,-1,-1,-1
74,16,1076,306,130,405,1,-1,-1,-1
74,5,162,403,109,449,1,-1,-1,-1
74,20,1377,365,139,421,1,-1,-1,-1
74,4,224,466,144,467,1,-1,-1,-1
74,8,74,286,153,405,1,-1,-1,-1
74,14,1102,414,113,456,1,-1,-1,-1
74,15,913,375,161,416,1,-1,-1,-1
74,10,558,393,161,442,1,-1,-1,-1
75,12,558,281,111,279,1,-1,-1,-1
75,13,420,283,144,389,1,-1,-1,-1
75,7,125,282,151,362,1,-1,-1,-1
75,18,841,286,167,376,1,-1,-1,-1
75,11,612,325,133,423,1,-1,-1,-1
75,19,1436,410,168,436,1,-1,-1,-1
75,9,659,434,190,475,1,-1,-1,-1
75,6,255,318,120,301,1,-1,-1,-1
75,17,1035,298,63,353,1,-1,-1,-1
75,16,1060,301,134,390,1,-1,-1,-1
75,5,162,407,139,459,1,-1,-1,-1
75,20,1378,365,131,422,1,-1,-1,-1
75,4,203,463,163,470,1,-1,-1,-1
75,8,67,284,150,407,1,-1,-1,-1
75,14,1079,413,135,454,1,-1,-1,-1
75,15,914,375,169,416,1,-1,-1,-1
75,10,562,394,151,444,1,-1,-1,-1
76,12,520,279,130,370,1,-1,-1,-1
76,13,401,283,155,388,1,-1,-1,-1
76,7,142,282,114,325,1,-1,-1,-1
76,18,817,287,186,376,1,-1,-1,-1
76,11,605,320,130,424,1,-1,-1,-1
76,19,1447,407,126,438,1,-1,-1,-1
76,9,636,435,214,474,1,-1,-1,-1
76,6,251,314,114,343,1,-1,-1,-1
76,17,986,296,100,345,1,-1,-1,-1
76,16,1045,297,138,376,1,-1,-1,-1
76,5,161,411,169,469,1,-1,-1,-1
76,20,1380,366,124,423,1,-1,-1,-1
76,4,181,460,182,472,1,-1,-1,-1
76,8,61,283,146,409,1,-1,-1,-1
76,14,1055,413,157,453,1,-1,-1,-1
76,15,909,379,174,416,1,-1,-1,-1
76,10,567,396,142,445,1,-1,-1,-1
77,12,472,278,161,360,1,-1,-1,-1
77,13,379,284,169,390,1,-1,-1,-1
77,7,45,282,193,357,1,-1,-1,-1
77,18,793,289,206,376,1,-1,-1,-1
77,11,569,319,155,425,1,-1,-1,-1
77,19,1437,409,136,437,1,-1,-1,-1
77,9,597,436,249,471,1,-1,-1,-1
77,6,241,314,124,302,1,-1,-1,-1
77,17,937,295,137,338,1,-1,-1,-1
77,16,1043,296,140,307,1,-1,-1,-1
77,5,166,413,164,472,1,-1,-1,-1
77,20,1378,369,126,421,1,-1,-1,-1
77,4,130,458,232,474,1,-1,-1,-1
77,8,45,287,158,405,1,-1,-1,-1
77,14,1019,413,194,453,1,-1,-1,-1
77,15,905,384,179,417,1,-1,-1,-1
77,10,571,395,139,454,1,-1,-1,-1
78,12,425,278,192,351,1,-1,-1,-1
78,13,358,285,183,392,1,-1,-1,-1
78,7,34,282,183,373,1,-1,-1,-1
78,18,788,290,205,377,1,-1,-1,-1
78,11,533,318,181,427,1,-1,-1,-1
78,19,1428,411,146,436,1,-1,-1,-1
78,9,559,437,285,469,1,-1,-1,-1
78,6,232,314,134,261,1,-1,-1,-1
78,17,894,293,159,336,1,-1,-1,-1
78,16,1041,295,141,238,1,-1,-1,-1
78,5,170,415,158,475,1,-1,-1,-1
78,20,1377,372,128,420,1,-1,-1,-1
78,4,79,456,282,475,1,-1,-1,-1
78,8,29,291,169,401,1,-1,-1,-1
78,14,982,413,230,453,1,-1,-1,-1
78,15,905,388,179,421,1,-1,-1,-1
78,10,576,395,137,462,1,-1,-1,-1
79,12,410,275,192,355,1,-1,-1,-1
79,13,346,285,186,398,1,-1,-1,-1
79,7,23,282,173,390,1,-1,-1,-1
79,18,783,292,204,378,1,-1,-1,-1
79,11,525,312,178,430,1,-1,-1,-1
79,19,1395,412,176,435,1,-1,-1,-1
79,9,538,435,292,469,1,-1,-1,-1
79,6,211,309,153,259,1,-1,-1,-1
79,17,851,291,181,334,1,-1,-1,-1
79,16,1034,292,143,236,1,-1,-1,-1
79,5,189,417,136,477,1,-1,-1,-1
79,20,1373,373,144,425,1,-1,-1,-1
79,4,56,452,291,477,1,-1,-1,-1
79,8,18,288,174,411,1,-1,-1,-1
79,14,969,415,233,453,1,-1,-1,-1
79,15,906,393,178,425,1,-1,-1,-1
79,10,577,401,150,460,1,-1,-1,-1
80,12,396,273,193,359,1,-1,-1,-1
80,13,334,285,190,404,1,-1,-1,-1
80,7,64,282,110,367,1,-1,-1,-1
80,18,780,297,199,379,1,-1,-1,-1
80,11,517,306,174,433,1,-1,-1,-1
80,19,1362,413,206,435,1,-1,-1,-1
80,9,517,434,300,469,1,-1,-1,-1
80,6,190,304,171,258,1,-1,-1,-1
80,17,838,292,176,336,1,-1,-1,-1
80,16,1028,290,144,235,1,-1,-1,-1
80,5,207,419,113,480,1,-1,-1,-1
80,20,1369,375,160,431,1,-1,-1,-1
80,4,32,448,301,479,1,-1,-1,-1
80,8,8,285,178,421,1,-1,-1,-1
80,14,956,418,236,453,1,-1,-1,-1
80,15,915,393,176,432,1,-1,-1,-1
80,10,578,407,164,458,1,-1,-1,-1
81,12,388,274,193,362,1,-1,-1,-1
81,13,333,286,180,403,1,-1,-1,-1
81,7,33,281,126,378,1,-1,-1,-1
81,18,778,302,194,380,1,-1,-1,-1
81,11,521,304,160,384,1,-1,-1,-1
81,19,1356,414,203,436,1,-1,-1,-1
81,9,511,430,273,470,1,-1,-1,-1
81,6,183,303,168,258,1,-1,-1,-1
81,17,825,294,170,339,1,-1,-1,-1
81,16,994,289,161,234,1,-1,-1,-1
81,5,194,422,127,479,1,-1,-1,-1
81,20,1369,377,156,432,1,-1,-1,-1
81,4,28,446,275,477,1,-1,-1,-1
81,8,4,287,174,423,1,-1,-1,-1
81,14,954,418,214,456,1,-1,-1,-1
81,15,924,394,173,440,1,-1,-1,-1
81,10,574,411,168,457,1,-1,-1,-1
82,12,381,275,194,366,1,-1,-1,-1
82,13,332,288,171,402,1,-1,-1,-1
82,7,2,279,141,390,1,-1,-1,-1
82,18,775,302,184,380,1,-1,-1,-1
82,11,526,303,145,335,1,-1,-1,-1
82,19,1351,416,201,437,1,-1,-1,-1
82,9,505,426,247,471,1,-1,-1,-1
82,6,176,301,164,258,1,-1,-1,-1
82,17,819,295,156,338,1,-1,-1,-1
82,16,961,289,178,233,1,-1,-1,-1
82,5,181,426,141,478,1,-1,-1,-1
82,20,1370,379,153,434,1,-1,-1,-1
82,4,23,444,250,475,1,-1,-1,-1
82,8,1,289,169,424,1,-1,-1,-1
82,14,952,419,192,459,1,-1,-1,-1
82,15,928,395,171,439,1,-1,-1,-1
82,10,571,415,173,455,1,-1,-1,-1
83,12,377,275,170,371,1,-1,-1,-1
83,13,328,289,175,401,1,-1,-1,-1
83,7,2,276,122,383,1,-1,-1,-1
83,18,773,303,174,381,1,-1,-1,-1
83,11,526,302,130,284,1,-1,-1,-1
83,19,1347,416,182,437,1,-1,-1,-1
83,9,514,421,191,477,1,-1,-1,-1
83,6,171,298,143,247,1,-1,-1,-1
83,17,813,297,142,337,1,-1,-1,-1
83,16,969,287,138,212,1,-1,-1,-1
83,5,170,429,159,475,1,-1,-1,-1
83,20,1390,381,130,433,1,-1,-1,-1
83,4,27,445,201,476,1,-1,-1,-1
83,8,1,290,163,424,1,-1,-1,-1
83,14,935,420,169,457,1,-1,-1,-1
83,15,933,396,168,439,1,-1,-1,-1
83,10,582,416,163,454,1,-1,-1,-1
84,12,373,276,147,376,1,-1,-1,-1
84,13,324,291,179,401,1,-1,-1,-1
84,7,2,273,103,377,1,-1,-1,-1
84,18,773,301,173,382,1,-1,-1,-1
84,11,527,301,115,233,1,-1,-1,-1
84,19,1344,416,164,437,1,-1,-1,-1
84,9,523,417,136,483,1,-1,-1,-1
84,6,167,295,121,237,1,-1,-1,-1
84,17,817,295,122,333,1,-1,-1,-1
84,16,978,285,97,191,1,-1,-1,-1
84,5,159,432,176,472,1,-1,-1,-1
84,20,1410,383,108,432,1,-1,-1,-1
84,4,31,446,153,476,1,-1,-1,-1
84,8,1,291,156,424,1,-1,-1,-1
84,14,918,421,146,456,1,-1,-1,-1
84,15,957,402,153,433,1,-1,-1,-1
84,10,593,418,154,453,1,-1,-1,-1
85,12,409,276,88,368,1,-1,-1,-1
85,13,325,294,178,407,1,-1,-1,-1
85,7,1,273,93,328,1,-1,-1,-1
85,18,774,299,173,384,1,-1,-1,-1
85,11,531,299,99,323,1,-1,-1,-1
85,19,1320,414,153,441,1,-1,-1,-1
85,9,483,418,161,480,1,-1,-1,-1
85,6,155,294,121,283,1,-1,-1,-1
85,17,822,294,102,329,1,-1,-1,-1
85,16,970,283,91,177,1,-1,-1,-1
85,5,154,437,178,475,1,-1,-1,-1
85,20,1403,385,123,432,1,-1,-1,-1
85,4,17,444,134,480,1,-1,-1,-1
85,8,1,291,154,425,1,-1,-1,-1
85,14,883,418,159,459,1,-1,-1,-1
85,15,982,408,138,427,1,-1,-1,-1
85,10,583,419,173,453,1,-1,-1,-1
86,12,322,276,155,212,1,-1,-1,-1
86,13,326,297,178,414,1,-1,-1,-1
86,7,1,273,82,279,1,-1,-1,-1
86,18,773,303,170,389,1,-1,-1,-1
86,11,536,297,83,413,1,-1,-1,-1
86,19,1297,412,142,445,1,-1,-1,-1
86,9,444,420,186,477,1,-1,-1,-1
86,6,144,293,120,330,1,-1,-1,-1
86,17,784,295,125,338,1,-1,-1,-1
86,16,963,282,84,164,1,-1,-1,-1
86,5,149,442,179,479,1,-1,-1,-1
86,20,1397,387,139,432,1,-1,-1,-1
86,4,3,442,115,483,1,-1,-1,-1
86,8,1,292,151,425,1,-1,-1,-1
86,14,847,415,172,463,1,-1,-1,-1
86,15,974,409,148,433,1,-1,-1,-1
86,10,574,421,193,452,1,-1,-1,-1
87,12,298,277,165,293,1,-1,-1,-1
87,13,326,302,177,416,1,-1,-1,-1
87,7,1,276,72,212,1,-1,-1,-1
87,18,773,307,168,395,1,-1,-1,-1
87,11,522,300,95,412,1,-1,-1,-1
87,19,1256,413,179,445,1,-1,-1,-1
87,9,388,425,238,473,1,-1,-1,-1
87,6,132,293,117,423,1,-1,-1,-1
87,17,746,296,148,347,1,-1,-1,-1
87,16,949,285,80,156,1,-1,-1,-1
87,5,130,446,205,485,1,-1,-1,-1
87,20,1385,393,156,433,1,-1,-1,-1
87,4,2,444,114,483,1,-1,-1,-1
87,8,2,298,148,374,1,-1,-1,-1
87,14,814,417,204,461,1,-1,-1,-1
87,15,967,410,157,439,1,-1,-1,-1
87,10,570,429,181,464,1,-1,-1,-1
88,12,274,279,176,375,1,-1,-1,-1
88,13,326,307,176,419,1,-1,-1,-1
88,7,1,278,62,146,1,-1,-1,-1
88,18,771,314,166,395,1,-1,-1,-1
88,11,508,303,107,412,1,-1,-1,-1
88,19,1215,414,216,446,1,-1,-1,-1
88,9,333,430,290,470,1,-1,-1,-1
88,6,121,299,112,414,1,-1,-1,-1
88,17,726,297,156,344,1,-1,-1,-1
88,16,936,289,75,148,1,-1,-1,-1
88,5,110,450,230,492,1,-1,-1,-1
88,20,1373,400,173,434,1,-1,-1,-1
88,4,1,445,113,482,1,-1,-1,-1
88,8,3,304,144,323,1,-1,-1,-1
88,14,780,420,236,460,1,-1,-1,-1
88,15,947,418,172,442,1,-1,-1,-1
88,10,566,438,170,475,1,-1,-1,-1
89,12,255,279,178,382,1,-1,-1,-1
89,13,320,311,181,424,1,-1,-1,-1
89,7,1,278,47,133,1,-1,-1,-1
89,18,770,322,165,395,1,-1,-1,-1
89,11,496,304,101,409,1,-1,-1,-1
89,19,1179,418,245,444,1,-1,-1,-1
89,9,310,429,295,474,1,-1,-1,-1
89,6,98,301,117,406,1,-1,-1,-1
89,17,706,299,163,341,1,-1,-1,-1
89,16,915,293,75,226,1,-1,-1,-1
89,5,91,459,255,492,1,-1,-1,-1
89,20,1359,405,186,439,1,-1,-1,-1
89,4,1,470,101,457,1,-1,-1,-1
89,8,3,309,140,370,1,-1,-1,-1
89,14,757,422,240,463,1,-1,-1,-1
89,15,928,427,187,445,1,-1,-1,-1
89,10,557,446,174,477,1,-1,-1,-1
90,12,237,279,180,390,1,-1,-1,-1
90,13,314,315,186,430,1,-1,-1,-1
90,7,1,278,31,120,1,-1,-1,-1
90,18,763,323,166,384,1,-1,-1,-1
90,11,484,306,95,407,1,-1,-1,-1
90,19,1143,423,274,443,1,-1,-1,-1
90,9,288,429,300,478,1,-1,-1,-1
90,6,76,303,122,399,1,-1,-1,-1
90,17,689,301,163,343,1,-1,-1,-1
90,16,894,297,75,304,1,-1,-1,-1
90,5,71,469,280,493,1,-1,-1,-1
90,20,1345,411,199,444,1,-1,-1,-1
90,4,1,495,90,432,1,-1,-1,-1
90,8,4,315,136,417,1,-1,-1,-1
90,14,734,424,243,466,1,-1,-1,-1
90,15,918,430,193,451,1,-1,-1,-1
90,10,548,454,179,479,1,-1,-1,-1
91,12,222,281,184,382,1,-1,-1,-1
91,13,305,317,186,407,1,-1,-1,-1
91,18,757,324,168,374,1,-1,-1,-1
91,11,450,304,104,398,1,-1,-1,-1
91,19,1115,424,274,442,1,-1,-1,-1
91,9,276,426,261,475,1,-1,-1,-1
91,6,68,303,110,401,1,-1,-1,-1
91,17,673,303,162,346,1,-1,-1,-1
91,16,864,297,86,336,1,-1,-1,-1
91,5,64,476,265,490,1,-1,-1,-1
91,20,1331,416,198,446,1,-1,-1,-1
91,4,1,662,55,246,1,-1,-1,-1
91,8,3,318,125,401,1,-1,-1,-1
91,14,726,425,207,462,1,-1,-1,-1
91,15,908,434,198,457,1,-1,-1,-1
91,10,534,460,176,473,1,-1,-1,-1
92,12,208,283,189,374,1,-1,-1,-1
92,13,297,319,187,385,1,-1,-1,-1
92,18,762,324,155,391,1,-1,-1,-1
92,11,417,303,112,389,1,-1,-1,-1
92,19,1087,426,275,442,1,-1,-1,-1
92,9,265,424,222,472,1,-1,-1,-1
92,6,60,303,97,404,1,-1,-1,-1
92,17,656,303,161,354,1,-1,-1,-1
92,16,835,297,97,369,1,-1,-1,-1
92,5,56,483,250,488,1,-1,-1,-1
92,20,1318,422,198,449,1,-1,-1,-1
92,4,1,830,20,61,1,-1,-1,-1
92,8,2,321,114,385,1,-1,-1,-1
92,14,717,427,170,459,1,-1,-1,-1
92,15,892,437,194,457,1,-1,-1,-1
92,10,521,467,173,467,1,-1,-1,-1
93,18,767,324,142,408,1,-1,-1,-1
93,12,201,281,177,387,1,-1,-1,-1
93,13,312,320,167,405,1,-1,-1,-1
93,19,1078,425,243,442,1,-1,-1,-1
93,11,410,302,107,389,1,-1,-1,-1
93,9,258,419,180,476,1,-1,-1,-1
93,6,51,301,86,405,1,-1,-1,-1
93,17,639,304,160,362,1,-1,-1,-1
93,16,823,292,84,373,1,-1,-1,-1
93,5,53,485,212,485,1,-1,-1,-1
93,20,1307,428,184,444,1,-1,-1,-1
93,8,2,323,104,382,1,-1,-1,-1
93,14,696,424,144,460,1,-1,-1,-1
93,15,876,441,190,457,1,-1,-1,-1
93,10,508,466,169,469,1,-1,-1,-1
94,18,764,323,141,409,1,-1,-1,-1
94,12,195,279,166,400,1,-1,-1,-1
94,13,328,322,148,425,1,-1,-1,-1
94,19,1070,424,212,443,1,-1,-1,-1
94,11,403,302,102,390,1,-1,-1,-1
94,9,252,414,138,481,1,-1,-1,-1
94,6,42,298,75,407,1,-1,-1,-1
94,17,631,304,154,358,1,-1,-1,-1
94,16,812,288,71,377,1,-1,-1,-1
94,5,49,487,174,483,1,-1,-1,-1
94,20,1297,434,171,439,1,-1,-1,-1
94,8,2,325,99,379,1,-1,-1,-1
94,14,674,422,117,462,1,-1,-1,-1
94,15,867,442,180,455,1,-1,-1,-1
94,10,496,466,166,470,1,-1,-1,-1
95,18,761,323,141,410,1,-1,-1,-1
95,12,180,280,168,400,1,-1,-1,-1
95,13,316,325,162,427,1,-1,-1,-1
95,19,1074,424,161,444,1,-1,-1,-1
95,11,390,300,95,391,1,-1,-1,-1
95,9,213,411,157,482,1,-1,-1,-1
95,6,27,298,76,264,1,-1,-1,-1
95,17,624,304,148,355,1,-1,-1,-1
95,16,784,287,83,378,1,-1,-1,-1
95,5,25,490,195,479,1,-1,-1,-1
95,20,1294,440,161,433,1,-1,-1,-1
95,8,2,327,93,376,1,-1,-1,-1
95,14,619,422,167,461,1,-1,-1,-1
95,15,859,444,169,454,1,-1,-1,-1
95,10,479,466,179,471,1,-1,-1,-1
96,18,758,324,145,409,1,-1,-1,-1
96,12,165,282,171,400,1,-1,-1,-1
96,13,305,329,176,430,1,-1,-1,-1
96,19,1079,424,110,445,1,-1,-1,-1
96,11,377,299,88,393,1,-1,-1,-1
96,9,175,408,177,484,1,-1,-1,-1
96,6,13,298,77,121,1,-1,-1,-1
96,17,600,302,161,358,1,-1,-1,-1
96,16,756,287,94,379,1,-1,-1,-1
96,5,1,494,216,475,1,-1,-1,-1
96,20,1292,447,151,428,1,-1,-1,-1
96,8,1,329,99,376,1,-1,-1,-1
96,14,563,423,217,461,1,-1,-1,-1
96,15,855,445,170,451,1,-1,-1,-1
96,10,462,466,193,472,1,-1,-1,-1
97,18,756,326,149,409,1,-1,-1,-1
97,12,139,281,187,399,1,-1,-1,-1
97,13,302,328,181,440,1,-1,-1,-1
97,19,1045,419,137,446,1,-1,-1,-1
97,11,339,295,125,393,1,-1,-1,-1
97,9,128,406,222,481,1,-1,-1,-1
97,6,7,294,62,121,1,-1,-1,-1
97,17,577,301,173,361,1,-1,-1,-1
97,16,724,284,124,379,1,-1,-1,-1
97,5,1,491,212,476,1,-1,-1,-1
97,20,1273,447,169,429,1,-1,-1,-1
97,8,1,332,105,376,1,-1,-1,-1
97,14,527,417,247,463,1,-1,-1,-1
97,15,851,447,171,448,1,-1,-1,-1
97,10,426,465,224,471,1,-1,-1,-1
98,18,756,327,153,414,1,-1,-1,-1
98,12,114,280,204,398,1,-1,-1,-1
98,13,300,327,187,451,1,-1,-1,-1
98,19,1012,415,164,448,1,-1,-1,-1
98,11,302,291,161,393,1,-1,-1,-1
98,9,82,405,267,479,1,-1,-1,-1
98,6,1,290,47,121,1,-1,-1,-1
98,17,561,298,182,369,1,-1,-1,-1
98,16,693,282,153,380,1,-1,-1,-1
98,5,1,488,208,478,1,-1,-1,-1
98,20,1255,447,187,431,1,-1,-1,-1
98,8,1,333,114,318,1,-1,-1,-1
98,14,490,412,277,466,1,-1,-1,-1
98,15,825,445,195,452,1,-1,-1,-1
98,10,390,464,255,469,1,-1,-1,-1
99,18,757,329,157,419,1,-1,-1,-1
99,12,112,279,200,405,1,-1,-1,-1
99,13,309,329,196,448,1,-1,-1,-1
99,19,966,411,212,450,1,-1,-1,-1
99,11,300,291,130,379,1,-1,-1,-1
99,9,68,403,265,478,1,-1,-1,-1
99,6,1,289,42,121,1,-1,-1,-1
99,17,545,295,190,377,1,-1,-1,-1
99,16,681,282,146,348,1,-1,-1,-1
99,5,1,489,197,475,1,-1,-1,-1
99,20,1232,445,211,436,1,-1,-1,-1
99,8,1,334,122,259,1,-1,-1,-1
99,14,484,408,264,467,1,-1,-1,-1
99,15,800,444,219,456,1,-1,-1,-1
99,10,377,464,264,471,1,-1,-1,-1
100,18,766,331,159,404,1,-1,-1,-1
100,12,111,278,196,413,1,-1,-1,-1
100,13,319,331,206,446,1,-1,-1,-1
100,19,920,408,260,453,1,-1,-1,-1
100,11,299,292,98,366,1,-1,-1,-1
100,9,55,402,263,478,1,-1,-1,-1
100,6,1,288,36,122,1,-1,-1,-1
100,17,550,295,176,381,1,-1,-1,-1
100,16,670,283,139,316,1,-1,-1,-1
100,5,1,491,186,473,1,-1,-1,-1
100,20,1209,443,236,441,1,-1,-1,-1
100,8,1,335,137,274,1,-1,-1,-1
100,14,477,405,250,469,1,-1,-1,-1
100,15,787,445,231,463,1,-1,-1,-1
100,10,365,465,273,472,1,-1,-1,-1
101,18,776,333,161,390,1,-1,-1,-1
101,12,111,280,190,415,1,-1,-1,-1
101,13,331,333,197,445,1,-1,-1,-1
101,19,910,404,261,454,1,-1,-1,-1
101,11,293,292,102,365,1,-1,-1,-1
101,9,50,397,233,474,1,-1,-1,-1
101,6,1,294,25,123,1,-1,-1,-1
101,17,615,295,101,145,1,-1,-1,-1
101,16,646,282,160,340,1,-1,-1,-1
101,5,0,576,158,385,1,-1,-1,-1
101,20,1210,443,226,443,1,-1,-1,-1
101,8,1,336,151,288,1,-1,-1,-1
101,14,487,399,206,449,1,-1,-1,-1
101,15,774,446,243,471,1,-1,-1,-1
101,10,367,462,245,474,1,-1,-1,-1
102,18,789,335,157,393,1,-1,-1,-1
102,12,111,282,185,418,1,-1,-1,-1
102,13,343,335,188,444,1,-1,-1,-1
102,19,900,400,263,456,1,-1,-1,-1
102,11,287,292,106,364,1,-1,-1,-1
102,9,46,392,204,470,1,-1,-1,-1
102,6,1,299,13,124,1,-1,-1,-1
102,17,610,298,110,364,1,-1,-1,-1
102,16,623,281,181,365,1,-1,-1,-1
102,5,0,662,131,297,1,-1,-1,-1
102,20,1212,443,217,445,1,-1,-1,-1
102,8,1,336,151,461,1,-1,-1,-1
102,14,496,394,161,429,1,-1,-1,-1
102,15,769,451,231,469,1,-1,-1,-1
102,10,369,460,218,476,1,-1,-1,-1
103,12,167,286,122,394,1,-1,-1,-1
103,13,352,335,179,442,1,-1,-1,-1
103,19,905,400,224,448,1,-1,-1,-1
103,11,264,295,117,364,1,-1,-1,-1
103,5,0,755,86,203,1,-1,-1,-1
103,9,47,388,179,475,1,-1,-1,-1
103,17,602,301,109,366,1,-1,-1,-1
103,16,613,279,175,368,1,-1,-1,-1
103,18,828,339,119,327,1,-1,-1,-1
103,20,1200,444,201,447,1,-1,-1,-1
103,8,1,339,140,458,1,-1,-1,-1
103,14,486,389,156,448,1,-1,-1,-1
103,15,764,456,219,467,1,-1,-1,-1
103,10,362,456,188,483,1,-1,-1,-1
104,12,162,290,122,402,1,-1,-1,-1
104,13,361,336,171,441,1,-1,-1,-1
104,19,910,400,186,440,1,-1,-1,-1
104,11,241,298,127,364,1,-1,-1,-1
104,5,0,849,41,110,1,-1,-1,-1
104,9,49,384,154,480,1,-1,-1,-1
104,17,595,305,108,368,1,-1,-1,-1
104,16,604,278,169,371,1,-1,-1,-1
104,18,832,341,121,377,1,-1,-1,-1
104,20,1188,445,185,450,1,-1,-1,-1
104,8,1,342,128,454,1,-1,-1,-1
104,14,475,385,151,467,1,-1,-1,-1
104,15,752,457,207,468,1,-1,-1,-1
104,10,355,453,158,490,1,-1,-1,-1
105,12,158,294,122,410,1,-1,-1,-1
105,13,376,341,150,443,1,-1,-1,-1
105,19,903,399,151,444,1,-1,-1,-1
105,11,216,300,153,362,1,-1,-1,-1
105,9,24,386,155,478,1,-1,-1,-1
105,17,579,306,123,379,1,-1,-1,-1
105,16,611,278,132,373,1,-1,-1,-1
105,18,837,344,123,427,1,-1,-1,-1
105,20,1155,445,180,452,1,-1,-1,-1
105,8,1,348,137,452,1,-1,-1,-1
105,14,447,385,160,466,1,-1,-1,-1
105,15,741,458,194,469,1,-1,-1,-1
105,10,321,454,164,490,1,-1,-1,-1
106,12,145,295,133,418,1,-1,-1,-1
106,13,391,346,129,446,1,-1,-1,-1
106,19,896,398,116,448,1,-1,-1,-1
106,11,191,302,179,361,1,-1,-1,-1
106,9,0,389,157,476,1,-1,-1,-1
106,17,564,308,138,390,1,-1,-1,-1
106,16,619,278,94,376,1,-1,-1,-1
106,18,834,349,123,423,1,-1,-1,-1
106,20,1123,446,175,454,1,-1,-1,-1
106,8,2,354,145,449,1,-1,-1,-1
106,14,419,385,168,466,1,-1,-1,-1
106,15,712,458,193,470,1,-1,-1,-1
106,10,288,455,171,490,1,-1,-1,-1
107,12,133,297,144,427,1,-1,-1,-1
107,13,392,354,160,448,1,-1,-1,-1
107,19,862,397,132,448,1,-1,-1,-1
107,11,191,301,194,334,1,-1,-1,-1
107,9,0,389,147,474,1,-1,-1,-1
107,17,556,310,136,397,1,-1,-1,-1
107,16,581,280,113,376,1,-1,-1,-1
107,18,832,354,123,420,1,-1,-1,-1
107,20,1088,446,205,454,1,-1,-1,-1
107,8,6,357,165,456,1,-1,-1,-1
107,14,374,386,198,464,1,-1,-1,-1
107,15,684,459,191,472,1,-1,-1,-1
107,10,239,455,217,490,1,-1,-1,-1
108,12,121,300,147,431,1,-1,-1,-1
108,13,394,363,192,451,1,-1,-1,-1
108,19,828,397,149,449,1,-1,-1,-1
108,11,191,300,208,307,1,-1,-1,-1
108,9,1,390,137,473,1,-1,-1,-1
108,17,549,313,134,404,1,-1,-1,-1
108,16,543,283,131,376,1,-1,-1,-1
108,18,833,360,152,427,1,-1,-1,-1
108,20,1053,446,236,454,1,-1,-1,-1
108,8,10,361,185,463,1,-1,-1,-1
108,14,328,387,228,463,1,-1,-1,-1
108,15,644,459,229,473,1,-1,-1,-1
108,10,191,456,264,489,1,-1,-1,-1
109,12,110,304,151,435,1,-1,-1,-1
109,13,396,367,199,454,1,-1,-1,-1
109,19,803,395,172,449,1,-1,-1,-1
109,11,201,298,179,303,1,-1,-1,-1
109,9,1,387,120,472,1,-1,-1,-1
109,17,548,316,134,404,1,-1,-1,-1
109,16,537,283,131,373,1,-1,-1,-1
109,18,834,367,182,435,1,-1,-1,-1
109,20,1026,443,258,456,1,-1,-1,-1
109,8,13,365,198,464,1,-1,-1,-1
109,14,329,381,218,467,1,-1,-1,-1
109,15,604,459,266,474,1,-1,-1,-1
109,10,168,456,278,491,1,-1,-1,-1
110,12,107,308,153,435,1,-1,-1,-1
110,13,398,371,206,457,1,-1,-1,-1
110,19,779,394,196,449,1,-1,-1,-1
110,11,211,297,149,300,1,-1,-1,-1
110,9,2,385,104,471,1,-1,-1,-1
110,17,548,319,133,404,1,-1,-1,-1
110,16,532,283,130,371,1,-1,-1,-1
110,18,841,372,178,435,1,-1,-1,-1
110,20,1000,440,281,459,1,-1,-1,-1
110,8,16,369,211,465,1,-1,-1,-1
110,14,330,376,207,471,1,-1,-1,-1
110,15,582,459,278,475,1,-1,-1,-1
110,10,145,456,292,492,1,-1,-1,-1
111,12,104,312,155,436,1,-1,-1,-1
111,13,423,376,182,455,1,-1,-1,-1
111,19,754,393,206,448,1,-1,-1,-1
111,11,180,295,128,304,1,-1,-1,-1
111,9,2,379,85,464,1,-1,-1,-1
111,17,550,322,128,388,1,-1,-1,-1
111,16,499,283,153,371,1,-1,-1,-1
111,18,848,378,175,435,1,-1,-1,-1
111,20,989,441,266,459,1,-1,-1,-1
111,8,35,378,180,444,1,-1,-1,-1
111,14,320,376,204,462,1,-1,-1,-1
111,15,560,459,289,476,1,-1,-1,-1
111,10,141,457,265,493,1,-1,-1,-1
112,12,115,317,140,424,1,-1,-1,-1
112,13,449,382,159,453,1,-1,-1,-1
112,19,730,392,217,447,1,-1,-1,-1
112,11,150,294,106,309,1,-1,-1,-1
112,9,2,374,66,457,1,-1,-1,-1
112,17,552,325,123,372,1,-1,-1,-1
112,16,467,283,175,371,1,-1,-1,-1
112,18,868,382,157,435,1,-1,-1,-1
112,20,978,442,251,460,1,-1,-1,-1
112,8,55,387,148,423,1,-1,-1,-1
112,14,309,376,201,454,1,-1,-1,-1
112,15,549,460,265,478,1,-1,-1,-1
112,10,138,458,239,493,1,-1,-1,-1
113,12,127,322,125,412,1,-1,-1,-1
113,13,459,387,143,451,1,-1,-1,-1
113,19,716,394,202,439,1,-1,-1,-1
113,11,139,294,102,129,1,-1,-1,-1
113,9,2,373,54,368,1,-1,-1,-1
113,17,552,329,116,277,1,-1,-1,-1
113,16,456,283,160,380,1,-1,-1,-1
113,18,888,386,139,435,1,-1,-1,-1
113,20,975,444,211,461,1,-1,-1,-1
113,8,61,393,129,435,1,-1,-1,-1
113,14,301,376,199,457,1,-1,-1,-1
113,15,539,461,240,480,1,-1,-1,-1
113,10,135,459,193,494,1,-1,-1,-1
114,12,137,325,112,330,1,-1,-1,-1
114,13,470,392,127,449,1,-1,-1,-1
114,19,702,396,188,431,1,-1,-1,-1
114,11,127,294,94,120,1,-1,-1,-1
114,9,2,372,42,280,1,-1,-1,-1
114,17,552,334,108,183,1,-1,-1,-1
114,16,446,284,144,390,1,-1,-1,-1
114,18,889,391,132,433,1,-1,-1,-1
114,20,973,447,172,462,1,-1,-1,-1
114,8,68,399,110,446,1,-1,-1,-1
114,14,293,376,196,461,1,-1,-1,-1
114,15,541,466,191,478,1,-1,-1,-1
114,10,133,460,147,495,1,-1,-1,-1
115,12,147,329,99,248,1,-1,-1,-1
115,13,458,404,129,397,1,-1,-1,-1
115,19,702,396,161,433,1,-1,-1,-1
115,11,34,301,164,366,1,-1,-1,-1
115,9,2,415,46,238,1,-1,-1,-1
115,17,551,337,107,222,1,-1,-1,-1
115,16,439,286,139,390,1,-1,-1,-1
115,18,891,397,126,432,1,-1,-1,-1
115,20,961,452,148,461,1,-1,-1,-1
115,8,43,409,166,446,1,-1,-1,-1
115,14,274,378,201,461,1,-1,-1,-1
115,15,543,472,142,476,1,-1,-1,-1
115,10,115,459,135,499,1,-1,-1,-1
116,12,144,332,100,238,1,-1,-1,-1
116,13,447,416,131,345,1,-1,-1,-1
116,19,702,396,135,436,1,-1,-1,-1
116,11,17,305,166,368,1,-1,-1,-1
116,9,2,458,51,196,1,-1,-1,-1
116,17,550,341,105,262,1,-1,-1,-1
116,16,433,288,134,391,1,-1,-1,-1
116,18,891,403,115,421,1,-1,-1,-1
116,20,950,457,124,460,1,-1,-1,-1
116,8,19,420,221,446,1,-1,-1,-1
116,14,254,380,205,461,1,-1,-1,-1
116,15,510,470,146,481,1,-1,-1,-1
116,10,98,459,124,503,1,-1,-1,-1
117,12,142,336,101,229,1,-1,-1,-1
117,13,474,426,124,394,1,-1,-1,-1
117,19,676,395,152,438,1,-1,-1,-1
117,11,0,309,168,369,1,-1,-1,-1
117,9,2,490,41,156,1,-1,-1,-1
117,17,532,345,115,262,1,-1,-1,-1
117,16,389,293,161,388,1,-1,-1,-1
117,18,892,409,104,411,1,-1,-1,-1
117,20,889,458,175,460,1,-1,-1,-1
117,8,10,423,227,444,1,-1,-1,-1
117,14,241,380,200,462,1,-1,-1,-1
117,15,477,468,150,487,1,-1,-1,-1
117,10,50,459,166,505,1,-1,-1,-1
118,12,131,344,110,225,1,-1,-1,-1
118,13,501,436,117,444,1,-1,-1,-1
118,19,651,395,169,441,1,-1,-1,-1
118,11,0,311,152,330,1,-1,-1,-1
118,9,2,521,32,116,1,-1,-1,-1
118,17,515,349,124,263,1,-1,-1,-1
118,16,345,298,188,385,1,-1,-1,-1
118,18,895,418,117,387,1,-1,-1,-1
118,20,829,460,226,461,1,-1,-1,-1
118,8,1,427,233,441,1,-1,-1,-1
118,14,227,380,194,463,1,-1,-1,-1
118,15,424,470,201,487,1,-1,-1,-1
118,10,3,459,208,507,1,-1,-1,-1
119,12,121,353,119,221,1,-1,-1,-1
119,13,503,446,122,452,1,-1,-1,-1
119,19,628,397,197,442,1,-1,-1,-1
119,11,1,314,137,290,1,-1,-1,-1
119,9,2,553,23,77,1,-1,-1,-1
119,17,507,359,128,242,1,-1,-1,-1
119,16,330,306,190,385,1,-1,-1,-1
119,18,898,427,130,364,1,-1,-1,-1
119,20,798,461,254,465,1,-1,-1,-1
119,8,47,435,184,461,1,-1,-1,-1
119,14,224,382,184,465,1,-1,-1,-1
119,15,371,473,252,487,1,-1,-1,-1
119,10,3,463,203,508,1,-1,-1,-1
120,12,107,364,133,232,1,-1,-1,-1
120,13,505,456,127,460,1,-1,-1,-1
120,19,605,400,226,444,1,-1,-1,-1
120,11,1,320,124,283,1,-1,-1,-1
120,9,2,585,13,58,1,-1,-1,-1
120,17,499,370,132,221,1,-1,-1,-1
120,16,316,315,192,385,1,-1,-1,-1
120,18,914,438,113,388,1,-1,-1,-1
120,20,768,463,282,470,1,-1,-1,-1
120,8,93,444,135,480,1,-1,-1,-1
120,14,220,385,174,468,1,-1,-1,-1
120,15,347,475,267,491,1,-1,-1,-1
120,10,3,467,198,508,1,-1,-1,-1
121,12,84,375,158,445,1,-1,-1,-1
121,13,491,462,143,459,1,-1,-1,-1
121,19,605,401,210,444,1,-1,-1,-1
121,20,759,462,263,469,1,-1,-1,-1
121,17,491,381,136,200,1,-1,-1,-1
121,16,305,319,191,388,1,-1,-1,-1
121,18,931,450,96,412,1,-1,-1,-1
121,11,1,326,112,275,1,-1,-1,-1
121,8,78,453,153,479,1,-1,-1,-1
121,14,222,384,151,459,1,-1,-1,-1
121,15,324,478,282,495,1,-1,-1,-1
121,10,3,468,169,502,1,-1,-1,-1
122,12,80,382,160,447,1,-1,-1,-1
122,13,476,468,158,459,1,-1,-1,-1
122,19,606,403,194,445,1,-1,-1,-1
122,20,751,462,244,468,1,-1,-1,-1
122,17,468,385,154,311,1,-1,-1,-1
122,16,294,324,189,392,1,-1,-1,-1
122,18,914,453,124,432,1,-1,-1,-1
122,11,1,329,102,256,1,-1,-1,-1
122,8,63,462,171,478,1,-1,-1,-1
122,14,225,384,129,450,1,-1,-1,-1
122,15,320,478,252,483,1,-1,-1,-1
122,10,3,470,140,495,1,-1,-1,-1
123,12,76,388,162,449,1,-1,-1,-1
123,13,471,470,178,456,1,-1,-1,-1
123,19,607,400,166,437,1,-1,-1,-1
123,20,752,458,208,467,1,-1,-1,-1
123,17,445,390,172,423,1,-1,-1,-1
123,16,292,325,181,393,1,-1,-1,-1
123,18,897,457,152,453,1,-1,-1,-1
123,11,1,333,91,236,1,-1,-1,-1
123,8,61,463,182,477,1,-1,-1,-1
123,14,212,383,128,444,1,-1,-1,-1
123,15,317,479,223,471,1,-1,-1,-1
123,10,3,476,104,487,1,-1,-1,-1
124,12,79,391,165,445,1,-1,-1,-1
124,13,465,472,199,453,1,-1,-1,-1
124,19,609,397,137,430,1,-1,-1,-1
124,20,753,454,173,466,1,-1,-1,-1
124,17,445,391,168,420,1,-1,-1,-1
124,16,290,327,172,394,1,-1,-1,-1
124,18,894,455,163,452,1,-1,-1,-1
124,11,1,333,91,239,1,-1,-1,-1
124,8,59,463,192,476,1,-1,-1,-1
124,14,200,383,126,439,1,-1,-1,-1
124,15,317,475,177,474,1,-1,-1,-1
124,10,3,482,69,479,1,-1,-1,-1
125,12,82,394,168,441,1,-1,-1,-1
125,13,459,471,197,458,1,-1,-1,-1
125,19,602,393,120,425,1,-1,-1,-1
125,20,744,448,151,469,1,-1,-1,-1
125,17,446,392,165,417,1,-1,-1,-1
125,16,288,321,163,397,1,-1,-1,-1
125,18,891,454,174,451,1,-1,-1,-1
125,11,1,333,91,241,1,-1,-1,-1
125,8,51,463,196,476,1,-1,-1,-1
125,14,192,377,135,444,1,-1,-1,-1
125,15,317,471,131,477,1,-1,-1,-1
125,10,1,557,52,399,1,-1,-1,-1
126,12,82,393,172,442,1,-1,-1,-1
126,13,452,470,195,464,1,-1,-1,-1
126,19,594,389,103,420,1,-1,-1,-1
126,20,734,442,130,472,1,-1,-1,-1
126,17,446,393,162,416,1,-1,-1,-1
126,16,287,316,155,399,1,-1,-1,-1
126,18,881,456,173,453,1,-1,-1,-1
126,11,1,332,88,239,1,-1,-1,-1
126,8,42,463,201,477,1,-1,-1,-1
126,14,183,372,144,449,1,-1,-1,-1
126,15,282,464,146,481,1,-1,-1,-1
126,10,0,633,36,319,1,-1,-1,-1
127,12,82,392,176,442,1,-1,-1,-1
127,13,448,472,200,464,1,-1,-1,-1
127,19,587,387,103,418,1,-1,-1,-1
127,20,685,440,163,471,1,-1,-1,-1
127,17,446,393,158,414,1,-1,-1,-1
127,16,277,316,159,330,1,-1,-1,-1
127,18,870,459,173,456,1,-1,-1,-1
127,11,1,332,85,237,1,-1,-1,-1
127,8,36,464,198,487,1,-1,-1,-1
127,14,183,371,138,446,1,-1,-1,-1
127,15,247,457,160,486,1,-1,-1,-1
127,10,0,664,27,283,1,-1,-1,-1
128,12,110,395,158,372,1,-1,-1,-1
128,13,443,474,205,464,1,-1,-1,-1
128,19,579,384,104,417,1,-1,-1,-1
128,20,636,438,197,469,1,-1,-1,-1
128,17,451,393,149,416,1,-1,-1,-1
128,16,268,316,163,261,1,-1,-1,-1
128,18,863,462,186,458,1,-1,-1,-1
128,11,1,330,88,234,1,-1,-1,-1
128,8,31,466,196,497,1,-1,-1,-1
128,14,182,370,133,442,1,-1,-1,-1
128,15,218,450,186,488,1,-1,-1,-1
128,10,0,696,18,247,1,-1,-1,-1
129,12,139,398,139,301,1,-1,-1,-1
129,13,441,476,206,478,1,-1,-1,-1
129,19,580,381,107,414,1,-1,-1,-1
129,20,629,432,205,469,1,-1,-1,-1
129,17,456,393,139,418,1,-1,-1,-1
129,16,267,318,169,266,1,-1,-1,-1
129,18,856,465,200,461,1,-1,-1,-1
129,11,1,329,91,231,1,-1,-1,-1
129,8,25,468,204,501,1,-1,-1,-1
129,14,167,361,151,447,1,-1,-1,-1
129,15,190,443,211,491,1,-1,-1,-1
129,10,0,823,30,111,1,-1,-1,-1
